2 0.36983173076923076 0.7485817307692308 0.3290144230769231 0.3713701923076923
2 0.3733413461538462 0.6002644230769231 0.2218509615384616 0.14685096153846147
2 0.8600480769230768 0.49706730769230767 0.17362980769230774 0.21689903846153852
8 0.6162500000000001 0.46499999999999997 0.3680769230769231 0.14875
10 0.5862019230769231 0.5461538461538461 0.2478846153846154 0.08269230769230763
10 0.18509615384615385 0.7439903846153846 0.3701923076923077 0.47836538461538464
2 0.2351923076923077 0.5727163461538461 0.1626442307692308 0.20192307692307693
7 0.17548076923076922 0.17908653846153846 0.09134615384615384 0.3581730769230769
7 0.08774038461538461 0.18562499999999998 0.0819471153846154 0.37124999999999997
7 0.02423076923076923 0.1668269230769231 0.04846153846153846 0.33362980769230777
7 0.6787980769230769 0.13459134615384616 0.05449519230769221 0.06526442307692305
7 0.7612019230769231 0.43406249999999996 0.05444711538461533 0.14935096153846153