5 0.22507211538461538 0.4790384615384615 0.07550480769230762 0.24896634615384614
8 0.7963942307692308 0.5787259615384616 0.3531009615384615 0.12978365384615387
2 0.7608413461538461 0.7560817307692307 0.35009615384615383 0.35634615384615387
2 0.7227884615384615 0.6002644230769231 0.17382211538461553 0.14685096153846147
2 0.3232211538461538 0.5782211538461538 0.15564903846153846 0.1147596153846154
2 0.33024038461538463 0.7876442307692308 0.38199519230769224 0.35334134615384616
7 0.5500480769230769 0.19401442307692307 0.18879807692307704 0.33394230769230765
10 0.5264423076923077 0.7235096153846154 0.5392548076923078 0.29319711538461546
2 0.5855528846153847 0.5476682692307693 0.09259615384615387 0.10372596153846149
7 0.9501682692307691 0.4221875 0.026057692307692386 0.053942307692307685
7 0.7721394230769231 0.42572115384615383 0.027548076923077012 0.05800480769230768
7 0.8273557692307693 0.34894230769230766 0.07675480769230757 0.12829326923076925
10 0.9827403846153846 0.5557211538461538 0.0345192307692308 0.0895913461538461