8 0.2456009615384616 0.6193028846153846 0.4911778846153847 0.22098557692307708
2 0.45341346153846157 0.6433653846153846 0.18776442307692312 0.20899038461538474
2 0.24661057692307686 0.6663942307692309 0.14661057692307694 0.23103365384615387
7 0.3202163461538461 0.3482932692307692 0.30586538461538465 0.22584134615384613
2 0.6231009615384616 0.7646153846153846 0.14966346153846152 0.37937500000000013
2 0.7733413461538461 0.6112740384615384 0.11355769230769233 0.04865384615384617
2 0.904014423076923 0.6047596153846154 0.09250000000000004 0.053653846153846135
2 0.9889903846153847 0.5942307692307692 0.022019230769230694 0.03862980769230768
5 0.7838461538461539 0.4835576923076923 0.11656250000000003 0.23192307692307695
10 0.29319711538461546 0.6538701923076923 0.37194711538461545 0.17593750000000014
10 0.7891586538461539 0.8190144230769231 0.42168269230769223 0.36197115384615397
7 0.9326923076923077 0.2403846153846154 0.1346153846153846 0.2403846153846154