10 0.3933894230769231 0.7184855769230769 0.15374999999999994 0.13889423076923071
2 0.41790865384615383 0.8056490384615385 0.14875 0.16901442307692294
2 0.5475961538461539 0.8347355769230769 0.2097836538461538 0.3233173076923077
2 0.525576923076923 0.6393269230769231 0.09362980769230766 0.10076923076923074
10 0.09365384615384616 0.9086538461538461 0.18730769230769231 0.18269230769230768
7 0.7138461538461538 0.639375 0.13360576923076933 0.5336298076923077
7 0.37937499999999996 0.5356490384615384 0.07855769230769233 0.22394230769230775
8 0.6722836538461539 0.6508653846153846 0.18870192307692307 0.2500721153846153
0 0.1585576923076923 0.5531730769230769 0.11076923076923079 0.14480769230769233
2 0.9662499999999999 0.6964423076923077 0.0675000000000001 0.1829567307692308
10 0.9697596153846154 0.6102644230769231 0.06048076923076916 0.046658653846153836