7 0.02889423076923077 0.08427884615384616 0.04639423076923078 0.16055288461538467
2 0.5716346153846155 0.6258413461538462 0.17372596153846148 0.3001442307692308
2 0.3382932692307692 0.6243269230769232 0.24790865384615385 0.3271875
2 0.075625 0.6253365384615385 0.15125 0.31718750000000007
2 0.2041105769230769 0.7545913461538463 0.328076923076923 0.44350961538461536
2 0.5545913461538462 0.7495913461538461 0.3199278846153846 0.45752403846153855
2 0.8926201923076923 0.6779326923076923 0.21473557692307702 0.35629807692307697
10 0.4675480769230769 0.65625 0.9350961538461539 0.3942307692307692
7 0.08447115384615385 0.05021634615384615 0.07346153846153847 0.10040865384615387
7 0.015528846153846153 0.07826923076923077 0.031057692307692307 0.13651442307692305
7 0.4324519230769231 0.05622596153846154 0.05158653846153841 0.11245192307692307
7 0.5015625 0.06372596153846154 0.0625961538461539 0.11346153846153847
7 0.48052884615384617 0.08629807692307692 0.04456730769230774 0.16456730769230768
7 0.5356009615384616 0.07975961538461539 0.0545913461538461 0.1335096153846154
7 0.5796634615384615 0.08930288461538462 0.0385817307692308 0.17858173076923078
7 0.6117788461538461 0.040865384615384616 0.05048076923076923 0.08173076923076923
7 0.6227403846153846 0.08677884615384614 0.0486057692307693 0.17158653846153846
7 0.6646634615384616 0.02403846153846154 0.06009615384615385 0.04807692307692308
7 0.6670673076923077 0.05048076923076923 0.04567307692307692 0.10096153846153846