5 0.7749278846153846 0.4790384615384615 0.07550480769230762 0.24896634615384614
8 0.2036057692307692 0.5787259615384616 0.3531009615384615 0.12978365384615387
2 0.23915865384615387 0.7560817307692307 0.35009615384615383 0.35634615384615387
2 0.27721153846153845 0.6002644230769231 0.1738221153846154 0.14685096153846147
2 0.6767788461538462 0.5782211538461538 0.15564903846153846 0.11475961538461533
2 0.6697596153846154 0.7876442307692308 0.38199519230769224 0.35334134615384616
7 0.4499519230769231 0.19401442307692307 0.18879807692307699 0.33394230769230765
10 0.4735576923076923 0.7235096153846154 0.5392548076923078 0.29319711538461546
2 0.41444711538461537 0.5476682692307693 0.0925961538461538 0.10372596153846149
7 0.04983173076923077 0.4221875 0.026057692307692303 0.053942307692307685
7 0.22786057692307693 0.42572115384615383 0.027548076923076942 0.05800480769230768
7 0.17264423076923074 0.34894230769230766 0.0767548076923077 0.12829326923076925
10 0.017259615384615384 0.5557211538461538 0.03451923076923077 0.0895913461538461