7 0.9711057692307693 0.08427884615384616 0.04639423076923066 0.16055288461538467
2 0.4283653846153846 0.6258413461538462 0.17372596153846148 0.3001442307692308
2 0.6617067307692307 0.6243269230769232 0.24790865384615385 0.3271875
2 0.9243750000000001 0.6253365384615385 0.1512499999999999 0.3171875000000001
2 0.7958894230769231 0.7545913461538463 0.3280769230769231 0.44350961538461536
2 0.4454086538461538 0.7495913461538461 0.3199278846153846 0.45752403846153855
2 0.10737980769230773 0.6779326923076923 0.21473557692307702 0.35629807692307697
10 0.5324519230769231 0.65625 0.9350961538461539 0.3942307692307692
7 0.9155288461538462 0.05021634615384615 0.07346153846153833 0.10040865384615387
7 0.9844711538461539 0.07826923076923077 0.03105769230769221 0.13651442307692305
7 0.567548076923077 0.05622596153846154 0.05158653846153841 0.11245192307692307
7 0.4984375 0.06372596153846154 0.0625961538461539 0.11346153846153847
7 0.5194711538461538 0.08629807692307692 0.04456730769230774 0.16456730769230768
7 0.46439903846153846 0.07975961538461539 0.0545913461538461 0.1335096153846154
7 0.4203365384615385 0.08930288461538462 0.0385817307692308 0.17858173076923078
7 0.38822115384615385 0.040865384615384616 0.05048076923076923 0.08173076923076923
7 0.3772596153846154 0.08677884615384614 0.0486057692307693 0.17158653846153846
7 0.33533653846153844 0.02403846153846154 0.06009615384615385 0.04807692307692308
7 0.3329326923076923 0.05048076923076923 0.04567307692307692 0.10096153846153846