10 0.606610576923077 0.7184855769230769 0.15374999999999994 0.13889423076923071
2 0.5820913461538463 0.8056490384615385 0.14875000000000005 0.16901442307692294
2 0.4524038461538461 0.8347355769230769 0.2097836538461538 0.3233173076923077
2 0.47442307692307695 0.6393269230769231 0.09362980769230766 0.10076923076923067
10 0.9063461538461539 0.9086538461538461 0.1873076923076922 0.18269230769230768
7 0.2861538461538462 0.639375 0.13360576923076933 0.5336298076923077
7 0.620625 0.5356490384615384 0.07855769230769226 0.22394230769230775
8 0.3277163461538461 0.6508653846153846 0.18870192307692307 0.2500721153846153
0 0.8414423076923078 0.5531730769230769 0.11076923076923087 0.14480769230769233
2 0.03375000000000005 0.6964423076923077 0.0675000000000001 0.1829567307692308
10 0.03024038461538458 0.6102644230769231 0.06048076923076916 0.046658653846153766