8 0.7543990384615384 0.6193028846153846 0.4911778846153847 0.22098557692307702
2 0.5465865384615385 0.6433653846153846 0.18776442307692312 0.2089903846153847
2 0.7533894230769231 0.6663942307692309 0.14661057692307694 0.23103365384615387
7 0.6797836538461539 0.3482932692307692 0.30586538461538465 0.22584134615384613
2 0.37689903846153844 0.7646153846153846 0.14966346153846152 0.3793750000000001
2 0.22665865384615386 0.6112740384615384 0.11355769230769233 0.04865384615384611
2 0.09598557692307692 0.6047596153846154 0.09250000000000001 0.053653846153846135
2 0.011009615384615385 0.5942307692307692 0.02201923076923077 0.03862980769230768
5 0.21615384615384617 0.4835576923076923 0.11656250000000003 0.23192307692307695
10 0.7068028846153845 0.6538701923076923 0.37194711538461545 0.17593750000000005
10 0.21084134615384614 0.8190144230769231 0.4216826923076923 0.36197115384615397
7 0.0673076923076923 0.2403846153846154 0.1346153846153846 0.2403846153846154