2 0.36935096153846153 0.30519230769230765 0.05762019230769223 0.06750000000000003
2 0.12000000000000001 0.42192307692307696 0.19591346153846154 0.12668269230769227
2 0.3778605769230769 0.4154326923076923 0.14074519230769234 0.24391826923076926
2 0.22012019230769228 0.40490384615384617 0.14382211538461537 0.27295673076923077
2 0.4705048076923077 0.4494951923076923 0.16375 0.2960336538461538
2 0.5846634615384615 0.49408653846153844 0.21177884615384607 0.3631971153846153
2 0.6867788461538461 0.6514182692307693 0.3198798076923077 0.5376201923076922
7 0.2792307692307692 0.14137019230769232 0.06968750000000003 0.0824278846153846
7 0.5130528846153847 0.058221153846153846 0.08661057692307686 0.11644230769230769
3 0.9101201923076924 0.09930288461538463 0.08146634615384613 0.09444711538461537
7 0.6132211538461537 0.17944711538461539 0.022499999999999964 0.08646634615384616