2 0.2190625 0.3587980769230769 0.1235817307692307 0.16872596153846153
2 0.47146634615384614 0.55625 0.42812500000000003 0.4994711538461539
2 0.23858173076923078 0.4038942307692308 0.08653846153846154 0.18677884615384613
2 0.07384615384615391 0.39740384615384616 0.11350961538461544 0.25192307692307697
10 0.13995192307692314 0.36983173076923076 0.2617307692307692 0.18276442307692314
2 0.7612980769230769 0.7240144230769231 0.3539182692307693 0.2921874999999999
2 0.11338942307692311 0.692451923076923 0.2267548076923078 0.1869711538461538
8 0.9989984585688663 0.9715544833586767 0.7520147296239587 0.9402721898741296 0.40157705963419776 0.8761304188888807 0 0.8099843437239682 0 0.9963960100978119 1 1 0.9989984585688663 0.9715544833586767
10 0.9063461538461539 0.8151923076923077 0.1873076923076922 0.2662019230769231
7 0.4553846153846154 0.24307692307692308 0.12069711538461533 0.14762019230769224
7 0.14396634615384613 0.06625 0.16560096153846152 0.1325
5 0.7202403846153846 0.29375000000000007 0.25978365384615376 0.5794711538461539