2 0.7809375000000001 0.3587980769230769 0.1235817307692307 0.16872596153846153
2 0.5285336538461538 0.55625 0.42812500000000003 0.4994711538461539
2 0.7614182692307693 0.4038942307692308 0.08653846153846154 0.18677884615384613
2 0.9261538461538461 0.39740384615384616 0.11350961538461544 0.25192307692307697
10 0.8600480769230768 0.36983173076923076 0.2617307692307692 0.18276442307692312
2 0.23870192307692306 0.7240144230769231 0.3539182692307692 0.29218749999999993
2 0.8866105769230769 0.692451923076923 0.2267548076923078 0.1869711538461538
8 0.5984229403658022 0.8761304188888807 0.24798527037604134 0.9402721898741296 0.0010015414311337002 0.9715544833586767 0 1 1 0.9963960100978119 1 0.8099843437239682 0.5984229403658022 0.8761304188888807
10 0.09365384615384616 0.8151923076923077 0.18730769230769231 0.2662019230769231
7 0.5446153846153846 0.24307692307692308 0.12069711538461533 0.14762019230769227
7 0.8560336538461539 0.06625 0.16560096153846152 0.1325
5 0.27975961538461536 0.29375000000000007 0.2597836538461538 0.5794711538461539