8 0.47959134615384613 0.673125 0.10281249999999996 0.1223076923076923
2 0.6132211538461539 0.7074519230769231 0.10968750000000006 0.07276442307692303
2 0.3312980769230769 0.865576923076923 0.1617788461538462 0.2688221153846155
2 0.8750961538461539 0.8775961538461539 0.12079326923076923 0.24478365384615394
2 0.7028125000000001 0.9367067307692308 0.20771634615384607 0.1265865384615384
2 0.4975480769230769 0.8535576923076923 0.09764423076923077 0.29286057692307704
2 0.6122115384615385 0.8482692307692308 0.08057692307692303 0.30028846153846145
7 0.24170673076923077 0.3913701923076923 0.1676442307692307 0.23987980769230774
8 0.20514423076923077 0.7696153846153847 0.2587740384615385 0.2691826923076924
10 0.08197115384615385 0.8507451923076924 0.09649038461538462 0.1910817307692308
10 0.5851201923076922 0.8715865384615384 0.5793028846153846 0.2568028846153847
2 0.7308653846153846 0.7305048076923076 0.11959134615384616 0.11887019230769241
0 0.8255048076923077 0.659375 0.07449519230769233 0.14487980769230765
7 0.6597836538461539 0.5591826923076924 0.06153846153846159 0.1968990384615384
10 0.47199519230769227 0.7044471153846155 0.07661057692307693 0.06274038461538467