2 0.6646875 0.6418509615384616 0.14576923076923073 0.21199519230769243
2 0.800889423076923 0.7235336538461539 0.2459615384615386 0.33326923076923076
10 0.5054567307692308 0.7430528846153847 0.13668269230769234 0.19802884615384614
7 0.7733413461538461 0.46550480769230773 0.08954326923076923 0.20788461538461542
7 0.1189182692307693 0.5516826923076923 0.11954326923076927 0.18389423076923078
7 0.25310096153846157 0.5471634615384615 0.0675000000000001 0.11274038461538456
5 0.6766826923076923 0.5431730769230769 0.082548076923077 0.2730528846153846
5 0.7618269230769231 0.5431730769230769 0.0845192307692307 0.2850721153846153
8 0.2536298076923077 0.7405528846153846 0.32086538461538466 0.31524038461538456
10 0.054807692307692335 0.7455528846153846 0.08877403846153833 0.22108173076923082
5 0.33771634615384616 0.505576923076923 0.08456730769230757 0.1798557692307692
5 0.24307692307692308 0.5065865384615384 0.0806971153846155 0.205889423076923