8 0.3306490384615385 0.6293509615384616 0.5623557692307691 0.37930288461538453
2 0.8519711538461539 0.6018028846153846 0.20391826923076933 0.36024038461538466
2 0.7162740384615385 0.6253605769230769 0.21687499999999998 0.4013461538461539
2 0.5785817307692308 0.6664423076923077 0.24588942307692319 0.43543269230769227
2 0.2551201923076923 0.7100240384615385 0.30384615384615377 0.48055288461538453
7 0.5294951923076924 0.12637019230769228 0.031562499999999986 0.2206971153846154
7 0.5154807692307692 0.10932692307692307 0.03555288461538467 0.15055288461538463
7 0.4463701923076923 0.04819711538461539 0.06661057692307687 0.06435096153846155
7 0.5630528846153846 0.14338942307692307 0.030576923076923144 0.14656249999999998
7 0.623125 0.10730769230769231 0.054615384615384614 0.07439903846153847
10 0.5075240384615385 0.6644471153846154 0.8206730769230769 0.40935096153846146