8 0.6693509615384615 0.6293509615384616 0.5623557692307691 0.37930288461538453
2 0.14802884615384615 0.6018028846153846 0.20391826923076925 0.3602403846153846
2 0.2837259615384615 0.6253605769230769 0.21687499999999996 0.4013461538461539
2 0.42141826923076925 0.6664423076923077 0.24588942307692313 0.43543269230769227
2 0.7448798076923077 0.7100240384615385 0.30384615384615377 0.48055288461538453
7 0.4705048076923077 0.12637019230769228 0.031562499999999986 0.2206971153846154
7 0.48451923076923076 0.10932692307692307 0.03555288461538467 0.15055288461538463
7 0.5536298076923077 0.04819711538461539 0.06661057692307687 0.06435096153846155
7 0.4369471153846154 0.14338942307692307 0.030576923076923144 0.14656249999999998
7 0.376875 0.10730769230769231 0.054615384615384545 0.07439903846153847
10 0.49247596153846157 0.6644471153846154 0.8206730769230769 0.40935096153846146