2 0.2940625 0.6457065217391305 0.0912228260869565 0.24585144927536237
2 0.666725543478261 0.626286231884058 0.09510869565217399 0.23809782608695643
10 0.4891304347826087 0.6495833333333333 0.3571467391304348 0.2432789855072463
6 0.43283967391304345 0.034945652173913044 0.11258152173913046 0.06469202898550723
7 0.4406114130434783 0.1501086956521739 0.06599184782608702 0.17597826086956525
7 0.6279076086956522 0.3234963768115942 0.052404891304347896 0.06211956521739134
7 0.6997282608695652 0.1436413043478261 0.021345108695652225 0.023297101449275336
0 0.9580706521739131 0.5382971014492753 0.08384510869565222 0.1604528985507246
9 0.5308423913043478 0.4243840579710145 0.030842391304347887 0.02643115942028981
8 0.49779891304347823 0.7173369565217392 0.33701086956521736 0.24817028985507247
10 0.389741847826087 0.9558333333333333 0.7731521739130435 0.08833333333333332