2 0.2421875 0.8087019230769231 0.13661057692307688 0.359375
2 0.5946874999999999 0.8006730769230769 0.1287259615384615 0.3192788461538463
2 0.41843749999999996 0.8121875000000001 0.13266826923076921 0.3603846153846153
2 0.7704567307692307 0.7350240384615384 0.1197596153846155 0.2180528846153847
2 0.6838221153846155 0.8196875 0.14276442307692305 0.17704326923076918
7 0.34132211538461543 0.08629807692307692 0.13374999999999998 0.1725721153846154
7 0.5526442307692307 0.23759615384615385 0.2007932692307693 0.37906249999999997
7 0.47651442307692304 0.2075 0.04055288461538463 0.06644230769230766
7 0.6757932692307692 0.22002403846153845 0.033485576923076806 0.03740384615384616
7 0.8745913461538461 0.22302884615384616 0.040432692307692426 0.04341346153846155
7 0.14504807692307692 0.17141826923076925 0.041682692307692316 0.030360576923076914
7 0.11098557692307692 0.23504807692307692 0.05771634615384617 0.03139423076923077
7 0.2917548076923077 0.22201923076923077 0.0434855769230769 0.0414182692307692
5 0.7924759615384616 0.5070913461538461 0.06370192307692307 0.20889423076923072
10 0.787451923076923 0.9176682692307693 0.4250721153846155 0.16466346153846154
10 0.4934615384615384 0.770625 0.7986298076923077 0.33930288461538455
5 0.39992788461538464 0.4915625 0.11562500000000006 0.2319471153846154