2 0.8579807692307693 0.5978125 0.15584134615384626 0.44841346153846146
2 0.7738461538461539 0.7701201923076924 0.1197596153846155 0.31225961538461533
2 0.6020913461538461 0.6649038461538462 0.08865384615384607 0.26610576923076934
2 0.1835336538461539 0.550264423076923 0.2968028846153847 0.7800240384615384
2 0.46838942307692305 0.6659615384615385 0.07461538461538467 0.5967307692307693
2 0.4523798076923077 0.4560576923076922 0.12670673076923072 0.6396875000000001
10 0.7037259615384616 0.6594230769230769 0.2808173076923076 0.493533653846154
10 0.4208173076923077 0.6011538461538461 0.15375000000000008 0.7976682692307692
7 0.7211538461538461 0.09975961538461539 0.09615384615384616 0.19951923076923078
3 0.8008894230769231 0.037187500000000005 0.06569711538461548 0.07435096153846153
8 0.9711538461538461 0.7884615384615384 0.057692307692307696 0.4230769230769231
10 0.5635576923076923 0.513125 0.10766826923076935 0.35718749999999994