2 0.6556971153846154 0.8001923076923076 0.1878125 0.3964423076923076
2 0.4894230769230769 0.7495673076923077 0.15271634615384622 0.3252644230769232
2 0.3482211538461539 0.7114903846153846 0.13473557692307686 0.2971875
2 0.06531250000000004 0.6303365384615385 0.13060096153846162 0.2069711538461539
2 0.18098557692307699 0.5907451923076923 0.0887499999999999 0.19391826923076913
7 0.4198317307692308 0.22007211538461538 0.052548076923076954 0.3540144230769231
7 0.5605528846153847 0.1995432692307693 0.053605769230769255 0.39105769230769233
7 0.7548076923076923 0.18300480769230767 0.04966346153846146 0.3639903846153845
10 0.5673076923076923 0.7692307692307693 0.7355769230769231 0.46153846153846156
10 0.0929567307692308 0.6192307692307693 0.1859134615384616 0.16187500000000007
7 0.298173076923077 0.12483173076923076 0.0855528846153847 0.04336538461538463
7 0.06370192307692307 0.02403846153846154 0.10817307692307693 0.04807692307692308
7 0.6712019230769232 0.12033653846153847 0.018581730769230812 0.028317307692307694
7 0.44187499999999996 0.19146634615384617 0.032524038461538396 0.03838942307692307