2 0.3443028846153846 0.8001923076923076 0.1878125 0.3964423076923076
2 0.510576923076923 0.7495673076923077 0.15271634615384622 0.32526442307692316
2 0.6517788461538461 0.7114903846153846 0.1347355769230769 0.2971875
2 0.9346875 0.6303365384615385 0.13060096153846162 0.2069711538461539
2 0.8190144230769231 0.5907451923076923 0.0887499999999999 0.1939182692307692
7 0.5801682692307693 0.22007211538461538 0.052548076923076954 0.3540144230769231
7 0.4394471153846154 0.1995432692307693 0.053605769230769255 0.39105769230769233
7 0.24519230769230768 0.18300480769230767 0.04966346153846153 0.3639903846153845
10 0.4326923076923077 0.7692307692307693 0.7355769230769231 0.46153846153846156
10 0.9070432692307692 0.6192307692307693 0.1859134615384616 0.16187500000000007
7 0.7018269230769231 0.12483173076923076 0.0855528846153847 0.04336538461538463
7 0.9362980769230769 0.02403846153846154 0.10817307692307693 0.04807692307692308
7 0.32879807692307694 0.12033653846153847 0.018581730769230812 0.028317307692307694
7 0.558125 0.19146634615384617 0.032524038461538396 0.03838942307692307