2 0.42786057692307694 0.6093028846153845 0.180721153846154 0.28512019230769237
2 0.21605769230769228 0.6103124999999999 0.18966346153846148 0.3111538461538463
2 0.6181249999999999 0.5942788461538462 0.17278846153846153 0.3031249999999999
2 0.8249278846153847 0.5942788461538462 0.1978846153846155 0.29110576923076914
10 0.5060096153846154 0.6033653846153846 0.9879807692307693 0.27403846153846156
3 0.8764903846153846 0.21903846153846154 0.11278846153846143 0.09951923076923078
7 0.7187740384615384 0.15745192307692307 0.16980769230769227 0.3148798076923077
7 0.3131971153846154 0.15843749999999998 0.19971153846153852 0.2968509615384616
5 0.8539663461538461 0.3733413461538462 0.15185096153846145 0.19177884615384608
5 0.13942307692307693 0.35730769230769227 0.14382211538461548 0.23185096153846152
2 0.5805288461538461 0.8821153846153845 0.4911778846153847 0.23576923076923087
10 0.9003365384615385 0.8700961538461538 0.19932692307692298 0.2598076923076924