2 0.572139423076923 0.6093028846153845 0.18072115384615392 0.28512019230769226
2 0.7839423076923077 0.6103124999999999 0.18966346153846148 0.3111538461538462
2 0.381875 0.5942788461538462 0.17278846153846153 0.3031249999999999
2 0.17507211538461537 0.5942788461538462 0.19788461538461538 0.29110576923076914
10 0.49399038461538464 0.6033653846153846 0.9879807692307693 0.27403846153846156
3 0.12350961538461538 0.21903846153846154 0.11278846153846155 0.09951923076923078
7 0.2812259615384615 0.15745192307692307 0.16980769230769235 0.3148798076923077
7 0.6868028846153845 0.15843749999999998 0.1997115384615385 0.2968509615384616
5 0.14603365384615385 0.3733413461538462 0.15185096153846156 0.19177884615384613
5 0.8605769230769231 0.35730769230769227 0.14382211538461548 0.23185096153846152
2 0.41947115384615385 0.8821153846153845 0.4911778846153847 0.23576923076923087
10 0.09966346153846153 0.8700961538461538 0.19932692307692307 0.2598076923076924