2 0.14201923076923076 0.5978125 0.15584134615384618 0.44841346153846146
2 0.22615384615384615 0.7701201923076924 0.11975961538461537 0.31225961538461533
2 0.39790865384615387 0.6649038461538462 0.08865384615384614 0.2661057692307693
2 0.8164663461538461 0.550264423076923 0.2968028846153847 0.7800240384615384
2 0.5316105769230769 0.6659615384615385 0.07461538461538467 0.5967307692307693
2 0.5476201923076923 0.4560576923076922 0.12670673076923072 0.6396875000000001
10 0.29627403846153844 0.6594230769230769 0.28081730769230767 0.49353365384615394
10 0.5791826923076923 0.6011538461538461 0.15375000000000003 0.7976682692307692
7 0.27884615384615385 0.09975961538461539 0.09615384615384616 0.19951923076923078
3 0.19911057692307693 0.037187500000000005 0.06569711538461541 0.07435096153846153
8 0.028846153846153848 0.7884615384615384 0.057692307692307696 0.4230769230769231
10 0.4364423076923077 0.513125 0.10766826923076928 0.35718749999999994