2 0.6131009615384616 0.5271634615384616 0.18973557692307688 0.38524038461538457
2 0.7472836538461538 0.5807692307692307 0.1576442307692306 0.4543990384615385
2 0.20454326923076918 0.7450721153846154 0.1345913461538462 0.3342788461538463
2 0.337235576923077 0.4610096153846154 0.199735576923077 0.1928365384615384
2 0.0773317307692308 0.4950721153846154 0.1546394230769232 0.21290865384615382
2 0.32572115384615385 0.8715865384615384 0.2287740384615384 0.2568028846153847
10 0.19002403846153848 0.47752403846153846 0.1696394230769232 0.1117067307692307
7 0.6386538461538461 0.13538461538461538 0.05362980769230777 0.20266826923076925
7 0.7583173076923077 0.11836538461538462 0.07269230769230771 0.2166826923076923
7 0.9410817307692307 0.10283653846153847 0.08576923076923065 0.20365384615384616
10 0.20272442010732783 0.9925881372048304 0.09519430415675355 0.6175593977896775 0 0.6235726773501243 0.0010766034537522929 0.8260198782256449 0.0010766034537522929 1 0.20272442010732783 0.9925881372048304