2 0.38689903846153845 0.5271634615384616 0.18973557692307694 0.38524038461538457
2 0.25271634615384614 0.5807692307692307 0.15764423076923073 0.4543990384615385
2 0.7954567307692308 0.7450721153846154 0.1345913461538462 0.33427884615384623
2 0.6627644230769231 0.4610096153846154 0.199735576923077 0.1928365384615384
2 0.9226682692307692 0.4950721153846154 0.1546394230769232 0.21290865384615382
2 0.6742788461538461 0.8715865384615384 0.22877403846153843 0.2568028846153847
10 0.8099759615384615 0.47752403846153846 0.1696394230769232 0.1117067307692307
7 0.3613461538461538 0.13538461538461538 0.0536298076923077 0.20266826923076925
7 0.24168269230769232 0.11836538461538462 0.07269230769230771 0.2166826923076923
7 0.05891826923076923 0.10283653846153847 0.08576923076923076 0.20365384615384616
10 0.9048056958432464 0.6175593977896775 0.7972755798926722 0.9925881372048304 0.9989233965462477 1 0.9989233965462477 0.8260198782256449 1 0.6235726773501243 0.9048056958432464 0.6175593977896775