2 0.43949519230769235 0.826514423076923 0.20677884615384612 0.3469471153846155
2 0.5956971153846153 0.8180048076923078 0.11870192307692307 0.35596153846153855
2 0.7313942307692307 0.8125 0.13778846153846167 0.375
7 0.3763701923076923 0.21156250000000004 0.07254807692307694 0.36701923076923076
7 0.20865384615384613 0.14538461538461536 0.10153846153846156 0.042355769230769225
7 0.10098557692307691 0.02716346153846154 0.08247596153846154 0.04629807692307692
7 0.05891826923076923 0.1123076923076923 0.05843749999999999 0.04836538461538463
7 0.6237259615384616 0.1954807692307692 0.046610576923076893 0.0584375
7 0.7429086538461539 0.14137019230769232 0.024615384615384636 0.07040865384615383
7 0.8180048076923078 0.017139423076923076 0.0895192307692308 0.03427884615384615
7 0.34132211538461543 0.1824519230769231 0.04961538461538458 0.05641826923076923
7 0.44747596153846153 0.19747596153846156 0.03853365384615392 0.062427884615384614
7 0.5195913461538462 0.2355528846153846 0.026538461538461587 0.04242788461538463
7 0.9186538461538463 0.08478365384615386 0.12382211538461536 0.11947115384615385
10 0.4625480769230768 0.7904567307692307 0.5973317307692307 0.4190625000000001
7 0.5521394230769231 0.24961538461538463 0.09966346153846149 0.3109374999999999
7 0.6312500000000001 0.32725961538461534 0.06163461538461535 0.20778846153846153