2 0.3573317307692308 0.5601923076923077 0.11168269230769229 0.20492788461538455
2 0.2587019230769231 0.5682211538461538 0.1015625 0.20694711538461547
2 0.42870192307692306 0.6727884615384615 0.1292307692307692 0.36115384615384616
2 0.31379807692307693 0.6834615384615385 0.1196153846153846 0.38533653846153854
5 0.839014423076923 0.5177163461538462 0.21569711538461542 0.9012259615384617
5 0.21415865384615385 0.5125240384615385 0.09653846153846153 0.974951923076923
5 0.12903846153846155 0.49117788461538464 0.08649038461538462 0.9823557692307693
7 0.32177884615384617 0.04319711538461538 0.06466346153846152 0.08639423076923076
7 0.41093749999999996 0.10031249999999997 0.05754807692307692 0.16858173076923075
7 0.5601442307692308 0.10533653846153844 0.04759615384615387 0.21064903846153846
7 0.6757932692307692 0.08930288461538462 0.038605769230769096 0.17858173076923078
10 0.32384615384615384 0.6934615384615385 0.4961538461538462 0.2971875