2 0.4780048076923077 0.7821394230769231 0.16074519230769233 0.29221153846153836
2 0.6918028846153846 0.778125 0.13762019230769232 0.2842067307692308
2 0.9016346153846153 0.7826201923076923 0.19670673076923087 0.283221153846154
10 0.6402163461538461 0.7285336538461539 0.7195432692307693 0.25913461538461535
10 0.1410576923076923 0.7064663461538461 0.11052884615384616 0.2150240384615385
7 0.09697115384615386 0.6022596153846153 0.04242788461538462 0.054663461538461494
7 0.15305288461538463 0.5376442307692307 0.11778846153846154 0.1478125
7 0.4815144230769231 0.29170673076923076 0.11367788461538467 0.32298076923076924
7 0.6567548076923077 0.30170673076923077 0.09158653846153851 0.29495192307692314
7 0.8350240384615385 0.2937019230769231 0.0634615384615384 0.30295673076923074
5 0.9121394230769231 0.47754807692307694 0.07074519230769219 0.2559615384615385
5 0.3237980769230769 0.5361778846153846 0.10471153846153847 0.3792548076923076