2 0.5586298076923076 0.8081730769230769 0.0996153846153846 0.30425480769230784
2 0.43745192307692304 0.8076923076923077 0.1096875 0.3092788461538461
2 0.32629807692307694 0.8071875000000001 0.09168269230769227 0.29024038461538465
2 0.2101201923076923 0.7876442307692308 0.11175480769230771 0.2571634615384616
7 0.3007692307692308 0.22459134615384618 0.07067307692307691 0.3570192307692307
7 0.39942307692307694 0.21555288461538466 0.06254807692307687 0.3509855769230769
7 0.49153846153846154 0.22257211538461538 0.06158653846153847 0.32896634615384607
10 0.40545673076923067 0.7731250000000001 0.47112980769230767 0.2942307692307692
5 0.9336778846153847 0.5803124999999999 0.0817788461538461 0.6598076923076923
5 0.7974759615384616 0.5191586538461538 0.05367788461538471 0.5495673076923077
10 0.12218749999999999 0.8700961538461538 0.24437499999999998 0.2598076923076924