2 0.44137019230769237 0.8081730769230769 0.0996153846153846 0.30425480769230784
2 0.5625480769230771 0.8076923076923077 0.10968750000000006 0.3092788461538461
2 0.673701923076923 0.8071875000000001 0.09168269230769227 0.29024038461538465
2 0.7898798076923078 0.7876442307692308 0.11175480769230771 0.2571634615384616
7 0.6992307692307692 0.22459134615384618 0.07067307692307687 0.3570192307692307
7 0.6005769230769231 0.21555288461538466 0.06254807692307694 0.3509855769230769
7 0.5084615384615385 0.22257211538461538 0.06158653846153847 0.32896634615384607
10 0.5945432692307693 0.7731250000000001 0.4711298076923077 0.2942307692307692
5 0.06632211538461533 0.5803124999999999 0.0817788461538461 0.6598076923076923
5 0.20252403846153846 0.5191586538461538 0.05367788461538471 0.5495673076923077
10 0.8778125 0.8700961538461538 0.24437499999999993 0.2598076923076924