2 0.6426682692307693 0.5601923076923077 0.11168269230769233 0.2049278846153846
2 0.7412980769230769 0.5682211538461538 0.1015625 0.20694711538461547
2 0.5712980769230769 0.6727884615384615 0.12923076923076915 0.36115384615384616
2 0.6862019230769232 0.6834615384615385 0.1196153846153846 0.38533653846153865
5 0.160985576923077 0.5177163461538462 0.21569711538461542 0.9012259615384617
5 0.785841346153846 0.5125240384615385 0.09653846153846146 0.974951923076923
5 0.8709615384615385 0.49117788461538464 0.08649038461538466 0.9823557692307693
7 0.6782211538461538 0.04319711538461538 0.06466346153846149 0.08639423076923076
7 0.5890625 0.10031249999999997 0.05754807692307685 0.16858173076923075
7 0.4398557692307692 0.10533653846153844 0.04759615384615387 0.21064903846153846
7 0.3242067307692308 0.08930288461538462 0.038605769230769096 0.17858173076923078
10 0.6761538461538461 0.6934615384615385 0.4961538461538463 0.2971875