2 0.2441826923076923 0.8477644230769231 0.11975961538461537 0.28125
2 0.3703846153846154 0.8550721153846154 0.1326442307692308 0.28985576923076933
2 0.49656249999999996 0.8595673076923076 0.16874999999999998 0.28084134615384626
2 0.6697836538461538 0.8505528846153846 0.1656730769230769 0.2988701923076924
2 0.9947596153846153 0.8577403846153846 0.004326923076922968 0.0007211538461537368
10 0.4475240384615384 0.7696153846153847 0.5913221153846153 0.34132211538461543
7 0.6908173076923076 0.10129807692307692 0.032620192307692426 0.05036057692307693
7 0.6537740384615385 0.17242788461538464 0.046610576923076893 0.060408653846153834
7 0.48454326923076924 0.21752403846153845 0.2168028846153846 0.0905048076923077
7 0.08997596153846153 0.19247596153846153 0.032403846153846165 0.07646634615384616
7 0.2542067307692308 0.1128125 0.04365384615384615 0.05536057692307693
7 0.2867548076923077 0.18596153846153846 0.029471153846153824 0.05742788461538465
7 0.32329326923076923 0.2345432692307692 0.03449519230769233 0.04040865384615385
5 0.1535576923076923 0.4920913461538462 0.06747596153846155 0.3752163461538461
10 0.04858173076923077 0.6463461538461538 0.09716346153846155 0.15487980769230777
10 0.47949519230769233 0.5792067307692308 0.4100961538461538 0.04463942307692306
7 0.47951923076923075 0.11382211538461538 0.0495673076923077 0.0573798076923077