6 0.8863565891472868 0.7637292817679558 0.15665374677002583 0.45933701657458553
6 0.6934625322997416 0.7701657458563537 0.17036175710594326 0.4059116022099446
6 0.45169250645994835 0.6366298342541438 0.3050516795865632 0.591878453038674
6 0.18036175710594318 0.6301657458563537 0.35125322997416036 0.46845303867403326
6 0.38124031007751935 0.2548342541436464 0.3473126614987081 0.4525690607734808
6 0.818062015503876 0.28616022099447513 0.34156330749353997 0.45256906077348064
7 0.972467700258398 0.03279005524861879 0.025788113695090487 0.06372928176795581
7 0.8549095607235143 0.03325966850828729 0.0386563307493541 0.05911602209944751
7 0.7214341085271317 0.024033149171270717 0.02656330749353998 0.04806629834254143
7 0.6056072351421189 0.029558011049723755 0.02565891472868219 0.05911602209944751
7 0.4878423772609819 0.04107734806629835 0.031214470284237687 0.06925414364640885
7 0.35306201550387595 0.039696132596685085 0.03719638242894052 0.07201657458563536
7 0.23874677002583974 0.04430939226519337 0.04103359173126614 0.08861878453038674
7 0.1280878552971576 0.04983425414364641 0.0401291989664082 0.092292817679558
7 0.015503875968992248 0.06077348066298342 0.031007751937984496 0.07734806629834254