6 0.11364341085271315 0.7637292817679558 0.15665374677002583 0.45933701657458553
6 0.30653746770025836 0.7701657458563537 0.17036175710594317 0.40591160220994466
6 0.5483074935400517 0.6366298342541438 0.30505167958656326 0.591878453038674
6 0.8196382428940568 0.6301657458563537 0.3512532299741603 0.46845303867403326
6 0.6187596899224806 0.2548342541436464 0.3473126614987081 0.4525690607734808
6 0.18193798449612403 0.28616022099447513 0.3415633074935401 0.45256906077348064
7 0.027532299741602064 0.03279005524861879 0.02578811369509044 0.06372928176795581
7 0.1450904392764858 0.03325966850828729 0.03865633074935399 0.05911602209944751
7 0.27856589147286825 0.024033149171270717 0.026563307493540054 0.04806629834254143
7 0.3943927648578811 0.029558011049723755 0.02565891472868219 0.05911602209944751
7 0.5121576227390181 0.04107734806629835 0.031214470284237687 0.06925414364640885
7 0.646937984496124 0.039696132596685085 0.03719638242894052 0.07201657458563536
7 0.7612532299741602 0.04430939226519337 0.04103359173126614 0.08861878453038674
7 0.8719121447028424 0.04983425414364641 0.0401291989664082 0.092292817679558
7 0.9844961240310077 0.06077348066298342 0.031007751937984496 0.07734806629834254