10 0.4992857142857143 0.7713613861386138 0.2773872180451127 0.3417574257425741
2 0.47979323308270677 0.9043069306930692 0.17436090225563908 0.18960396039603966
2 0.63953007518797 0.6470544554455446 0.06791353383458645 0.10967821782178233
2 0.6576315789473685 0.7814356435643564 0.12360902255639096 0.25190594059405935
2 0.417124060150376 0.6516584158415841 0.06789473684210527 0.10784653465346547
2 0.6353571428571428 0.7273267326732673 0.10131578947368416 0.18767326732673278
2 0.40703007518796996 0.7337376237623763 0.08530075187969924 0.21150990099009911
2 0.36003759398496243 0.8016089108910892 0.1208082706766917 0.24824257425742566
8 0.12306390977443614 0.6456930693069307 0.23201127819548883 0.12344059405940595
8 0.13246240601503764 0.7612623762376238 0.25915413533834575 0.27757425742574254
5 0.3506578947368421 0.5210148514851486 0.06443609022556386 0.3361138613861385