10 0.5007142857142857 0.7713613861386138 0.27738721804511274 0.3417574257425742
2 0.5202067669172933 0.9043069306930692 0.17436090225563908 0.18960396039603966
2 0.3604699248120301 0.6470544554455446 0.06791353383458645 0.10967821782178225
2 0.34236842105263154 0.7814356435643564 0.12360902255639096 0.25190594059405935
2 0.582875939849624 0.6516584158415841 0.06789473684210527 0.1078465346534654
2 0.36464285714285716 0.7273267326732673 0.10131578947368416 0.18767326732673273
2 0.59296992481203 0.7337376237623763 0.08530075187969924 0.21150990099009906
2 0.6399624060150375 0.8016089108910892 0.1208082706766917 0.24824257425742566
8 0.8769360902255638 0.6456930693069307 0.23201127819548883 0.12344059405940595
8 0.8675375939849623 0.7612623762376238 0.25915413533834575 0.27757425742574254
5 0.6493421052631578 0.5210148514851486 0.06443609022556386 0.3361138613861385