7 0.5465145228215768 0.07942583732057416 0.27614107883817435 0.15880382775119617
8 0.5273858921161826 0.7138277511961723 0.4673029045643154 0.23052631578947372
10 0.5294190871369294 0.8419138755980862 0.2517427385892117 0.2071291866028709
7 0.21543568464730292 0.5974162679425837 0.08265560165975104 0.10655502392344503
3 0.26954356846473027 0.6368421052631579 0.0395435684647303 0.05028708133971287
2 0.2121576763485477 0.7199043062200957 0.2388381742738589 0.24459330143540672
2 0.0013952598345449692 0.9698897033444089 0.2551503945428902 0.9849097593031986 0.2925629609166067 0.8929125611415653 0.2876830544799077 0.7145507287752416 0.10224660988534774 0.7014083087284914 0.05182086039848334 0.6356960366051523 0.010576795187408413 0.6707946300640799 0.0013952598345449692 0.9698897033444089
7 0.27809128630705393 0.10521531100478468 0.05174273858921161 0.03588516746411483
7 0.775103734439834 0.10330143540669856 0.040165975103734465 0.03588516746411483
7 0.9077178423236514 0.1732535885167464 0.031991701244813195 0.03497607655502393
5 0.9495020746887968 0.5345933014354067 0.10095435684647296 0.32990430622009576
5 0.8377593360995851 0.5284688995215312 0.05908713692946062 0.3496172248803828