10 0.7072727272727273 0.8497267759562842 0.3236363636363636 0.3005464480874317
2 0.8865454545454546 0.6776502732240437 0.19563636363636358 0.28923497267759557
8 0.3558909090909091 0.7241530054644809 0.613890909090909 0.3765573770491804
7 0.47192727272727275 0.38846994535519125 0.03923636363636366 0.0962841530054645
5 0.7404727272727273 0.4489617486338798 0.0633818181818182 0.3783060109289618
5 0.6839999999999999 0.4604371584699454 0.04618181818181814 0.3553005464480875
7 0.9730545454545454 0.42540983606557375 0.053890909090909274 0.09535519125683053
2 0.10996363636363637 0.5850819672131147 0.054036363636363646 0.0868306010928961
10 0.16767272727272728 0.5524590163934426 0.14269090909090912 0.04464480874316933
7 0.7162181818181819 0.11519125683060108 0.0608363636363637 0.05584699453551912
7 0.9573454545454545 0.04278688524590164 0.0683999999999999 0.06639344262295083
7 0.2560363636363636 0.15639344262295082 0.06290909090909093 0.0692896174863388