7 0.854 0.5654098360655737 0.07636363636363637 0.20284153005464484
10 0.8195272727272728 0.7998907103825136 0.2527999999999999 0.29792349726775946
0 0.04992727272727279 0.48010928961748633 0.09985454545454549 0.19322404371584692
2 0.17527272727272722 0.8556830601092896 0.35054545454545444 0.28863387978142074
8 0.09872727272727275 0.7198360655737704 0.1974545454545455 0.27010928961748637
8 0.6308 0.6258469945355192 0.36203636363636366 0.3391256830601093
10 0.20021818181818182 0.5543715846994536 0.10545454545454545 0.12901639344262286
10 0.5135636363636363 0.4927868852459017 0.0733818181818182 0.045027322404371635
2 0.40050909090909087 0.49540983606557376 0.05010909090909081 0.14338797814207654
7 0.17054545454545456 0.43306010928961747 0.04614545454545454 0.14524590163934417
2 0.3529818181818182 0.46836065573770486 0.04294545454545455 0.10814207650273219
10 0.32472727272727275 0.46765027322404373 0.037200000000000066 0.11480874316939886