10 0.2927272727272727 0.8497267759562842 0.3236363636363636 0.3005464480874317
2 0.11345454545454542 0.6776502732240437 0.19563636363636358 0.2892349726775957
8 0.6441090909090909 0.7241530054644809 0.6138909090909089 0.37655737704918046
7 0.5280727272727272 0.38846994535519125 0.03923636363636371 0.0962841530054645
5 0.2595272727272727 0.4489617486338798 0.0633818181818182 0.3783060109289618
5 0.316 0.4604371584699454 0.04618181818181814 0.3553005464480875
7 0.026945454545454637 0.42540983606557375 0.053890909090909274 0.09535519125683053
2 0.8900363636363636 0.5850819672131147 0.05403636363636369 0.0868306010928961
10 0.8323272727272727 0.5524590163934426 0.14269090909090912 0.04464480874316933
7 0.28378181818181814 0.11519125683060108 0.0608363636363637 0.05584699453551912
7 0.04265454545454552 0.04278688524590164 0.0683999999999999 0.06639344262295083
7 0.7439636363636364 0.15639344262295082 0.06290909090909096 0.0692896174863388