0 0.21581818181818183 0.20054644808743172 0.15861818181818177 0.387704918032787
7 0.34756363636363635 0.0648087431693989 0.02781818181818184 0.05295081967213113
7 0.37305454545454547 0.10846994535519126 0.028327272727272697 0.042459016393442614
7 0.5032 0.0633879781420765 0.017527272727272704 0.021311475409836057
7 0.67 0.06147540983606557 0.018109090909090974 0.040491803278688523
10 0.6036363636363636 0.6153005464480874 0.13807272727272737 0.18754098360655733
8 0.7663636363636364 0.6575409836065573 0.4672727272727273 0.5596721311475409
2 0.43087272727272724 0.3997814207650273 0.04050909090909096 0.08994535519125688
10 0.5220727272727272 0.36857923497267764 0.03643636363636357 0.10120218579234974
10 0.44832727272727274 0.390655737704918 0.09283636363636365 0.10234972677595627
10 0.3850181818181818 0.3646994535519125 0.017054545454545447 0.09344262295081963
10 0.3472727272727273 0.4583060109289618 0.037054545454545444 0.1236065573770492
5 0.8536363636363636 0.2973224043715847 0.07461818181818175 0.2669945355191257