2 0.3038666666666667 0.4074404761904762 0.09173333333333336 0.21779761904761907
2 0.7855666666666667 0.5638690476190477 0.21090000000000003 0.2755357142857142
7 0.6871333333333333 0.3238095238095238 0.07123333333333334 0.18089285714285713
10 0.6924333333333333 0.4944047619047619 0.07903333333333326 0.18761904761904769
8 0.5059666666666667 0.5161309523809523 0.29069999999999996 0.25375
10 0.5085666666666666 0.7108333333333333 0.32399999999999995 0.18964285714285706
8 0.5484666666666667 0.8788690476190476 0.8450666666666667 0.2422619047619047
8 0.9 0.7559523809523809 0.2 0.3333333333333333
5 0.53 0.23922619047619045 0.08436666666666667 0.31220238095238095
5 0.4443 0.23500000000000001 0.08439999999999998 0.3093452380952381
5 0.19173333333333334 0.2988095238095238 0.03316666666666668 0.4653571428571429