7 0.4534854771784232 0.07942583732057416 0.27614107883817435 0.15880382775119617
8 0.47261410788381747 0.7138277511961723 0.4673029045643154 0.23052631578947372
10 0.4705809128630705 0.8419138755980862 0.2517427385892117 0.2071291866028709
7 0.784564315352697 0.5974162679425837 0.08265560165975111 0.10655502392344503
3 0.7304564315352698 0.6368421052631579 0.03954356846473018 0.05028708133971287
2 0.7878423236514523 0.7199043062200957 0.23883817427385892 0.24459330143540672
2 0.9894232048125916 0.6707946300640799 0.9481791396015167 0.6356960366051523 0.8977533901146523 0.7014083087284914 0.7123169455200923 0.7145507287752416 0.7074370390833932 0.8929125611415653 0.7448496054571099 0.9849097593031986 0.9986047401654551 0.9698897033444089 0.9894232048125916 0.6707946300640799
7 0.7219087136929462 0.10521531100478468 0.05174273858921173 0.03588516746411483
7 0.22489626556016593 0.10330143540669856 0.040165975103734465 0.03588516746411483
7 0.09228215767634859 0.1732535885167464 0.031991701244813195 0.03497607655502393
5 0.05049792531120327 0.5345933014354067 0.10095435684647296 0.32990430622009576
5 0.16224066390041492 0.5284688995215312 0.05908713692946062 0.3496172248803827