7 0.146 0.5654098360655737 0.07636363636363637 0.20284153005464484
10 0.18047272727272728 0.7998907103825136 0.25279999999999997 0.2979234972677595
0 0.9500727272727272 0.48010928961748633 0.09985454545454549 0.19322404371584692
2 0.8247272727272728 0.8556830601092896 0.35054545454545444 0.28863387978142074
8 0.9012727272727272 0.7198360655737704 0.1974545454545455 0.27010928961748637
8 0.36920000000000003 0.6258469945355192 0.36203636363636366 0.3391256830601093
10 0.7997818181818181 0.5543715846994536 0.10545454545454545 0.12901639344262286
10 0.48643636363636367 0.4927868852459017 0.0733818181818182 0.045027322404371635
2 0.5994909090909092 0.49540983606557376 0.05010909090909081 0.14338797814207654
7 0.8294545454545454 0.43306010928961747 0.04614545454545454 0.14524590163934417
2 0.6470181818181818 0.46836065573770486 0.04294545454545455 0.10814207650273219
10 0.6752727272727272 0.46765027322404373 0.037200000000000066 0.11480874316939886