5 0.15 0.47 0.2125 0.82
9 0.3425 0.3975 0.04 0.03
2 0.497 0.833 0.3 0.334
10 0.61625 0.7225 0.0725 0.195
10 0.65688 0.705 0.10125 0.22
8 0.36945300000003767 0.7325000000000002 0.44695300000003774 0.7450000000000001 0.6132030000000377 0.6350000000000001 0.6032030000000377 0.5 0.5344530000000377 0.4900000000000001 0.36195300000003766 0.5300000000000001 0.36945300000003767 0.7325000000000002
7 0.5407000000000001 0.36376 0.035 0.1075
10 0.9741000000000001 0.55126 0.05179999999999996 0.1525
2 0.9519500000000001 0.56376 0.0575 0.1825
5 0.8913300000000001 0.43876 0.01875 0.2875
6 0.64883 0.035 0.05625 0.065
7 0.57508 0.455 0.04125 0.085
5 0.95814 0.39927999999999997 0.0361099999999999 0.17379999999999995
5 0.9836 0.3988 0.017680000000000064 0.16712
7 0.57748 0.05822 0.06828999999999996 0.11644
10 0.35037999999999997 0.6836599999999999 0.07123000000000002 0.2111200000000001