5 0.85 0.47 0.2125 0.82
9 0.6575 0.3975 0.04 0.03
2 0.503 0.833 0.3 0.334
10 0.38375 0.7225 0.0725 0.195
10 0.34312 0.705 0.10125 0.22
8 0.6380469999999623 0.5300000000000001 0.4655469999999623 0.4900000000000001 0.39679699999996226 0.5 0.38679699999996225 0.6350000000000001 0.5530469999999623 0.7450000000000001 0.6305469999999623 0.7325000000000002 0.6380469999999623 0.5300000000000001
7 0.45929999999999993 0.36376 0.035 0.1075
10 0.02589999999999998 0.55126 0.05179999999999996 0.1525
2 0.048049999999999954 0.56376 0.0575 0.1825
5 0.10866999999999996 0.43876 0.01875 0.2875
6 0.35117 0.035 0.05625 0.065
7 0.42491999999999996 0.455 0.04125 0.085
5 0.041860000000000015 0.39927999999999997 0.0361099999999999 0.17379999999999995
5 0.016399999999999977 0.3988 0.017680000000000064 0.16712
7 0.42252 0.05822 0.06828999999999996 0.11644
10 0.64962 0.6836599999999999 0.07123000000000002 0.2111200000000001