7 0.978021978021978 0.4864864864864865 0.04395604395604396 0.16216216216216217
1 0.6762271062271062 0.6722702702702703 0.625018315018315 0.630162162162162
7 0.35608058608058607 0.21427027027027026 0.09446886446886443 0.15940540540540538
10 0.2401098901098901 0.7847027027027026 0.12542124542124544 0.18097297297297307
7 0.4921611721611722 0.0525945945945946 0.06069597069597067 0.1051891891891892
7 0.4935897435897436 0.20367567567567568 0.046336996336996256 0.15086486486486483
7 0.6533699633699633 0.03881081081081081 0.034065934065934105 0.07762162162162162
7 0.595934065934066 0.19627027027027028 0.03981684981684983 0.08513513513513514
7 0.6691941391941392 0.18248648648648647 0.04842490842490853 0.1211891891891892
7 0.7352380952380952 0.18351351351351353 0.042637362637362584 0.09789189189189189
7 0.9348717948717948 0.21005405405405406 0.036813186813186856 0.07454054054054052