7 0.5051367781155015 0.15633986928104576 0.17823708206686925 0.3105882352941177
7 0.5224924012158055 0.4297385620915033 0.0740425531914894 0.14163398692810467
7 0.6628571428571428 0.3119607843137255 0.053829787234042664 0.13633986928104574
7 0.7465349544072949 0.2912418300653595 0.04568389057750752 0.13215686274509802
7 0.4412158054711246 0.4899346405228758 0.031094224924012214 0.10013071895424833
7 0.4390273556231003 0.6170588235294118 0.03255319148936164 0.061830065359477174
7 0.08835866261398174 0.35294117647058826 0.05072948328267494 0.12496732026143793
7 0.07990881458966571 0.5543137254901961 0.05893617021276592 0.09189542483660132
7 0.23112462006079024 0.4069281045751634 0.04887537993920968 0.12084967320261435
1 0.3774772036474164 0.8444444444444443 0.4551671732522796 0.3111111111111113
7 0.35462006079027353 0.4494771241830065 0.056626139817629165 0.0938562091503267
5 0.9300911854103343 0.6535947712418301 0.1398176291793313 0.6928104575163399