2 0.462984126984127 0.7295 0.26898412698412705 0.5256249999999999
2 0.8247619047619048 0.678875 0.16676190476190467 0.4296875
10 0.18898412698412698 0.835625 0.3242539682539682 0.3170625
7 0.22888888888888886 0.22743750000000001 0.03257142857142854 0.1234375
7 0.5708253968253968 0.188625 0.025714285714285787 0.1253125
7 0.053111111111111116 0.2265 0.04174603174603174 0.12156250000000002
7 0.9618095238095239 0.3804375 0.03806349206349209 0.20787500000000003
7 0.9201904761904762 0.24825 0.027015873015872986 0.08556249999999999
7 0.951936507936508 0.250625 0.024920634920634992 0.096
10 0.9485714285714286 0.6191875 0.10282539682539678 0.2648125
2 0.09228571428571429 0.3979375 0.09415873015873015 0.21449999999999997
2 0.22263492063492063 0.5145 0.08380952380952383 0.24299999999999997
8 0.10342857142857143 0.737625 0.20682539682539686 0.49037500000000006