8 0.2144625407166124 0.4774390243902439 0.3937459283387622 0.41292682926829266
8 0.7469055374592835 0.5065243902439024 0.46592833876221484 0.42451219512195126
10 0.556156351791531 0.7262804878048781 0.30781758957654726 0.4110975609756097
2 0.49469055374592835 0.37676829268292683 0.11296416938110751 0.3276219512195122
2 0.36182410423452765 0.29103658536585364 0.07465798045602602 0.1387804878048781
2 0.03355048859934854 0.39414634146341465 0.06710097719869708 0.2114634146341464
7 0.5114657980456027 0.04365853658536586 0.09742671009771996 0.08731707317073172
2 0.9756677524429966 0.8213414634146341 0.048664495114006695 0.35731707317073175
10 0.03716612377850163 0.2958536585365854 0.07433224755700325 0.06713414634146345
7 0.10436482084690553 0.18695121951219512 0.06811074918566774 0.07579268292682927
2 0.13384364820846906 0.22859756097560976 0.05905537459283386 0.07774390243902439
10 0.07309446254071662 0.2295731707317073 0.08931596091205213 0.09134146341463417