4 0.479765625 0.6757360406091371 0.4227343750000001 0.1594923857868021
5 0.8359375 0.5474111675126904 0.12269531249999988 0.3145685279187816
10 0.963828125 0.6526903553299493 0.07234374999999993 0.17548223350253803
10 0.21902343749999997 0.8868020304568527 0.41902343749999993 0.22634517766497478
7 0.2945703125 0.2131472081218274 0.33296875000000004 0.426243654822335
0 0.51046875 0.4961421319796954 0.20070312499999998 0.161269035532995
2 0.83796875 0.813502538071066 0.3240624999999999 0.16989847715736053
2 0.7630859375 0.9220812182741117 0.47382812500000004 0.1558375634517766
7 0.5712109375000001 0.2201015228426396 0.03582031249999984 0.0548223350253807
7 0.9588671875 0.07766497461928934 0.07644531249999997 0.09142131979695431
8 0.09492187500000004 0.718527918781726 0.18980468750000012 0.2582233502538071
7 0.8865625 0.36116751269035535 0.03882812499999999 0.04365482233502535