8 0.3116883116883117 0.45361963190184046 0.36756493506493515 0.38521472392638034
8 0.710487012987013 0.43361963190184055 0.324448051948052 0.23423312883435587
2 0.8609415584415585 0.7926380368098159 0.2770779220779222 0.41472392638036826
2 0.9389935064935064 0.5183435582822086 0.12201298701298714 0.20503067484662568
10 0.5682792207792208 0.6561963190184049 0.33675324675324664 0.3931288343558283
10 0.4371428571428571 0.5660736196319018 0.28055194805194794 0.31220858895705533
2 0.02974025974025982 0.3731901840490797 0.05948051948051964 0.20693251533742324
10 0.2930844155844156 0.29527607361963193 0.09616883116883118 0.06269938650306747
10 0.5267532467532468 0.38680981595092023 0.08422077922077921 0.15239263803680983
7 0.5277922077922078 0.24950920245398775 0.062110389610389595 0.14644171779141107
7 0.7300324675324675 0.2543558282208589 0.03795454545454545 0.09773006134969321
7 0.6944805194805195 0.25239263803680984 0.03318181818181808 0.09386503067484661
7 0.853181818181818 0.09263803680981594 0.02048701298701281 0.1716564417177914
7 0.9103896103896103 0.13257668711656442 0.017402597402597447 0.09963190184049077
7 0.8158441558441558 0.03128834355828221 0.030259740259740237 0.048895705521472384
7 0.8944155844155844 0.0994478527607362 0.012240259740259682 0.17361963190184046
7 0.881525974025974 0.11018404907975461 0.011461038961038873 0.1717177914110429
10 0.8202272727272727 0.3108588957055215 0.12350649350649348 0.1289570552147239
2 0.8725324675324676 0.3103680981595092 0.052954545454545275 0.21564417177914114
2 0.9018831168831168 0.30791411042944783 0.018961038961039064 0.16987730061349693
2 0.9152922077922079 0.29576687116564415 0.01688311688311703 0.16306748466257667