8 0.6883116883116883 0.45361963190184046 0.3675649350649351 0.38521472392638034
8 0.289512987012987 0.43361963190184055 0.32444805194805193 0.23423312883435587
2 0.13905844155844155 0.7926380368098159 0.2770779220779221 0.41472392638036815
2 0.0610064935064935 0.5183435582822086 0.122012987012987 0.20503067484662568
10 0.4317207792207792 0.6561963190184049 0.3367532467532467 0.3931288343558283
10 0.562857142857143 0.5660736196319018 0.28055194805194794 0.31220858895705533
2 0.9702597402597402 0.3731901840490797 0.05948051948051964 0.20693251533742324
10 0.7069155844155843 0.29527607361963193 0.09616883116883118 0.06269938650306747
10 0.4732467532467532 0.38680981595092023 0.08422077922077921 0.15239263803680983
7 0.4722077922077922 0.24950920245398775 0.062110389610389595 0.14644171779141107
7 0.26996753246753247 0.2543558282208589 0.03795454545454545 0.09773006134969321
7 0.3055194805194805 0.25239263803680984 0.03318181818181818 0.09386503067484661
7 0.14681818181818182 0.09263803680981594 0.020487012987012995 0.1716564417177914
7 0.08961038961038961 0.13257668711656442 0.017402597402597402 0.09963190184049077
7 0.18415584415584416 0.03128834355828221 0.030259740259740237 0.048895705521472384
7 0.1055844155844156 0.0994478527607362 0.012240259740259739 0.17361963190184046
7 0.11847402597402598 0.11018404907975461 0.011461038961038965 0.1717177914110429
10 0.17977272727272725 0.3108588957055215 0.12350649350649352 0.1289570552147239
2 0.12746753246753245 0.3103680981595092 0.05295454545454546 0.21564417177914114
2 0.09811688311688312 0.30791411042944783 0.018961038961038974 0.16987730061349693
2 0.0847077922077922 0.29576687116564415 0.016883116883116892 0.16306748466257667