0 0.6996727272727272 0.4987978142076503 0.18854545454545443 0.17114754098360652
7 0.5992 0.18524590163934426 0.12283636363636374 0.3339890710382513
6 0.16865454545454545 0.3357377049180328 0.126509090909091 0.05983606557377043
2 0.7615272727272728 0.8628415300546448 0.2000727272727272 0.2742622950819672
2 0.44549090909090905 0.7231693989071039 0.11639999999999996 0.1904918032786886
2 0.2690909090909091 0.7836065573770492 0.19301818181818176 0.2308196721311476
4 0.6837090909090908 0.7222404371584699 0.2561454545454545 0.15404371584699453
10 0.4773818181818182 0.9002732240437158 0.21334545454545462 0.1994535519125683
7 0.37563636363636366 0.1410928961748634 0.045563636363636265 0.06163934426229509
7 0.4814909090909091 0.17797814207650273 0.04050909090909086 0.04918032786885246
7 0.8418181818181818 0.01366120218579235 0.04 0.0273224043715847
8 0.19727272727272727 0.8901639344262295 0.39454545454545453 0.2196174863387978
5 0.272 0.5396174863387978 0.07058181818181827 0.3474863387978144
10 0.1392363636363636 0.6902732240437158 0.2784363636363636 0.1527322404371584