0 0.4968 0.4777049180327869 0.22676363636363642 0.21721311475409835
4 0.49479999999999996 0.6603825136612022 0.9271272727272729 0.10508196721311477
7 0.9305454545454546 0.17655737704918034 0.022509090909090902 0.029071038251366102
7 0.9257818181818183 0.25278688524590165 0.03683636363636372 0.037704918032786916
7 0.9126909090909091 0.3381420765027322 0.04385454545454536 0.0358469945355191
7 0.9222545454545454 0.4038251366120219 0.024690909090909062 0.03491803278688517
7 0.9248 0.4748087431693989 0.02727272727272727 0.0273224043715847
7 0.9171636363636364 0.5591803278688524 0.02727272727272727 0.046557377049180386
7 0.08029090909090908 0.17415300546448087 0.0244 0.04153005464480875
7 0.07647272727272728 0.25901639344262295 0.036836363636363646 0.032950819672131156
7 0.08221818181818182 0.3280874316939891 0.03298181818181818 0.03300546448087435
7 0.08221818181818182 0.398087431693989 0.025345454545454543 0.03491803278688517
7 0.08730909090909092 0.4786338797814208 0.027890909090909098 0.046502732240437106