5 0.04144486692015209 0.5303125 0.049467680608365025 0.38739583333333333
5 0.12239543726235741 0.5298437500000001 0.07300380228136884 0.38062500000000005
7 0.4881368821292775 0.1583854166666667 0.19749049429657795 0.3090104166666667
8 0.22980988593155893 0.8057291666666666 0.32760456273764255 0.38848958333333344
10 0.7292395437262357 0.6629166666666667 0.092509505703422 0.06812499999999999
10 0.5863498098859315 0.835625 0.1615209125475286 0.21682291666666664
2 0.4409505703422053 0.6981770833333334 0.11159695817490498 0.1829166666666667
7 0.75106463878327 0.57609375 0.06011406844106465 0.12593750000000004
10 0.9439543726235741 0.8949479166666667 0.11209125475285178 0.21010416666666654
8 0.834106463878327 0.8289062500000001 0.33178707224334597 0.3421874999999999
8 0.6314068441064639 0.6383333333333333 0.07422053231939156 0.09416666666666658