8 0.7071612903225807 0.74 0.3800322580645161 0.4672392638036808
10 0.5838387096774194 0.8452147239263804 0.14925806451612897 0.30957055214723916
10 0.9234838709677419 0.8802453987730061 0.12758064516129017 0.23944785276073638
7 0.4246129032258064 0.16282208588957053 0.06216129032258059 0.3119631901840491
10 0.40483870967741936 0.8619631901840491 0.18387096774193548 0.27607361963190186
2 0.22419354838709676 0.9233128834355828 0.24193548387096775 0.15337423312883436
2 0.12464516129032253 0.9036196319018405 0.18290322580645166 0.19269938650306764
10 0.02764516129032256 0.8451533742331288 0.05529032258064512 0.19453987730061337
3 0.024193548387096774 0.7116564417177914 0.04838709677419355 0.08588957055214724
10 0.47787096774193544 0.6965644171779142 0.03200000000000005 0.09797546012269938
8 0.24190322580645165 0.6883435582822087 0.4276451612903224 0.3639263803680981