8 0.2928387096774194 0.74 0.3800322580645161 0.46723926380368086
10 0.4161612903225806 0.8452147239263804 0.14925806451612902 0.3095705521472392
10 0.07651612903225806 0.8802453987730061 0.1275806451612903 0.2394478527607363
7 0.5753870967741935 0.16282208588957053 0.06216129032258059 0.3119631901840491
10 0.5951612903225807 0.8619631901840491 0.18387096774193548 0.27607361963190186
2 0.7758064516129032 0.9233128834355828 0.24193548387096775 0.15337423312883436
2 0.8753548387096775 0.9036196319018405 0.18290322580645166 0.19269938650306764
10 0.9723548387096774 0.8451533742331288 0.05529032258064512 0.19453987730061345
3 0.9758064516129032 0.7116564417177914 0.04838709677419355 0.08588957055214724
10 0.5221290322580645 0.6965644171779142 0.03200000000000005 0.09797546012269938
8 0.7580967741935484 0.6883435582822087 0.4276451612903225 0.3639263803680982