1 0.5460824742268041 0.6357915057915058 0.5935051546391752 0.33942084942084944
10 0.3031443298969072 0.742972972972973 0.5464432989690721 0.24849420849420856
7 0.447680412371134 0.47822393822393827 0.06876288659793817 0.10501930501930504
10 0.9102061855670104 0.6288030888030889 0.1594845360824742 0.12293436293436284
7 0.9338144329896907 0.46359073359073355 0.11221649484536073 0.10135135135135136
7 0.6790206185567009 0.21683397683397682 0.0664948453608247 0.04540540540540543
7 0.9002061855670103 0.1798069498069498 0.07072164948453623 0.04216216216216217
7 0.9775257731958762 0.052702702702702706 0.04494845360824756 0.06463320463320463
7 0.5272680412371135 0.24042471042471042 0.05510309278350514 0.04111969111969111
7 0.4012886597938144 0.26563706563706563 0.078041237113402 0.046525096525096545
7 0.2115979381443299 0.24525096525096524 0.03376288659793813 0.031467181467181464
7 0.0727319587628866 0.20826254826254825 0.06530927835051548 0.06687258687258685