0 0.5141982507288629 0.23727891156462586 0.06425655976676391 0.15088435374149656
10 0.6833527696793003 0.6836734693877551 0.1182215743440232 0.1531972789115647
8 0.7412536443148688 0.6817006802721088 0.453002915451895 0.5202721088435374
5 0.907725947521866 0.3795918367346939 0.05116618075801736 0.29945578231292524
5 0.9536443148688047 0.3960544217687075 0.05128279883381934 0.3076870748299319
5 0.9891836734693878 0.403265306122449 0.02163265306122437 0.3097959183673469
5 0.8670845481049562 0.3718367346938775 0.04230320699708452 0.25306122448979584
2 0.5437900874635568 0.8638095238095238 0.06868804664723033 0.27231292517006805
10 0.48140297775207896 0.9657802475626703 0.5633224807987985 0.8943862595772986 0.4838380784485909 0.7355592886018655 0.48140297775207896 0.9657802475626703
2 0.4086588921282798 0.78421768707483 0.12163265306122441 0.2739455782312924
10 0.2911661807580175 0.6971428571428572 0.09157434402332361 0.1923809523809524
5 0.36932944606414 0.3089795918367347 0.06475218658892122 0.3375510204081633
5 0.3141399416909621 0.29088435374149657 0.05093294460641407 0.3323809523809524
7 0.19422740524781343 0.38523809523809527 0.023090379008746238 0.1685034013605442
10 0.21586005830903796 0.4764625850340137 0.08049562682215747 0.060272108843537314
8 0.22848396501457727 0.6651700680272109 0.4289795918367347 0.4130612244897957
5 0.16069970845481052 0.31986394557823133 0.03551020408163251 0.3719727891156462
5 0.13294460641399425 0.3117687074829932 0.04221574344023329 0.3752380952380952