8 0.494 0.7543715846994536 0.6547636363636363 0.3161202185792351
10 0.49461818181818185 0.9060109289617487 0.45447272727272736 0.1879781420765026
2 0.9279272727272727 0.9365573770491803 0.1441454545454545 0.11677595628415303
0 0.9184363636363636 0.2522950819672131 0.09294545454545465 0.11158469945355193
10 0.24360000000000004 0.44409836065573766 0.19476363636363636 0.09251366120218583
8 0.2538181818181819 0.366448087431694 0.3810181818181817 0.17874316939890714
10 0.7956727272727273 0.36256830601092893 0.17392727272727268 0.056010928961748634
8 0.7658692574386962 0.48700987075573066 0.8847132488014954 0.4807673684793925 0.8770604347646894 0.3867593025983791 0.7597172083518813 0.36565552276661584 0.5709478732924509 0.3138551921958663 0.5020725469611973 0.3138551921958663 0.5071743451372844 0.4922785530506703 0.7658692574386962 0.48700987075573066
10 0.7784363636363636 0.32327868852459013 0.047599999999999906 0.06939890710382507
10 0.7219636363636365 0.3079234972677596 0.049527272727272746 0.061748633879781405
2 0.552290909090909 0.2815846994535519 0.0934181818181818 0.08377049180327868
2 0.6390545454545455 0.296448087431694 0.08319999999999998 0.10775956284153004
2 0.673490909090909 0.2892349726775956 0.060218181818181823 0.06459016393442626
2 0.022181818181818264 0.3481967213114754 0.04432727272727292 0.14229508196721308
2 0.0350181818181818 0.3179781420765027 0.0607636363636365 0.12218579234972685