5 0.618 0.4949726775956284 0.08200000000000005 0.30928961748633876
2 0.21272727272727274 0.7896174863387978 0.14181818181818182 0.4207650273224044
2 0.35818181818181816 0.7814207650273224 0.14181818181818182 0.4371584699453552
2 0.4990181818181818 0.7865027322404372 0.1432 0.4207103825136613
2 0.6046181818181818 0.7044808743169398 0.09349090909090901 0.3429508196721311
10 0.36927272727272725 0.7654098360655738 0.5105454545454545 0.39
5 0.7969090909090909 0.5151366120218579 0.11883636363636366 0.6832786885245902
7 0.5050909090909091 0.0360655737704918 0.036690909090909 0.06442622950819672
7 0.6058909090909091 0.24562841530054647 0.0391999999999999 0.1326775956284153
7 0.41705454545454546 0.21633879781420767 0.09792727272727275 0.07989071038251369
3 0.6910545454545455 0.3621311475409836 0.05461818181818175 0.17590163934426228