4 0.7228685258964144 0.7680597014925373 0.19649402390438245 0.11189054726368164
6 0.5010358565737052 0.15577114427860694 0.35888446215139447 0.23935323383084578
6 0.6592031872509959 0.3982587064676617 0.16916334661354596 0.12144278606965173
7 0.7782868525896414 0.2557711442786069 0.057490039840637476 0.05890547263681594
7 0.8060159362549801 0.41139303482587064 0.0348605577689243 0.0365174129353234
7 0.49553784860557765 0.30845771144278605 0.06051792828685258 0.05890547263681594
6 0.2522709163346613 0.38601990049751245 0.195577689243028 0.09119402985074619
2 0.7236254980079682 0.7881094527363184 0.09183266932270921 0.20462686567164176
2 0.699800796812749 0.8232338308457712 0.09733067729083668 0.23975124378109453
2 0.6310358565737051 0.7695522388059702 0.07454183266932285 0.14407960199004965
2 0.6119123505976096 0.7954228855721392 0.08784860557768928 0.18213930348258714
2 0.5740239043824701 0.8061691542288557 0.11047808764940246 0.21144278606965175
2 0.7138645418326693 0.7983582089552239 0.09733067729083668 0.20756218905472623
0 0.7212749003984065 0.6407462686567164 0.11529880478087648 0.09716417910447776
10 0.21665338645418325 0.8717910447761194 0.12625498007968128 0.1309950248756218
8 0.3006772908366534 0.8095522388059702 0.10808764940239042 0.14218905472636809
0 0.03557768924302791 0.710547263681592 0.07115537848605583 0.26601990049751256
2 0.18545816733067733 0.7729353233830847 0.0786055776892431 0.09825870646766169