5 0.958555133079848 0.5303125 0.049467680608365094 0.38739583333333333
5 0.8776045627376426 0.5298437500000001 0.07300380228136878 0.38062500000000005
7 0.5118631178707225 0.1583854166666667 0.19749049429657795 0.3090104166666667
8 0.7701901140684411 0.8057291666666666 0.3276045627376425 0.3884895833333335
10 0.27076045627376427 0.6629166666666667 0.092509505703422 0.06812499999999992
10 0.4136501901140684 0.835625 0.1615209125475286 0.21682291666666664
2 0.5590494296577947 0.6981770833333334 0.11159695817490503 0.1829166666666667
7 0.24893536121673004 0.57609375 0.06011406844106465 0.12593750000000004
10 0.05604562737642589 0.8949479166666667 0.11209125475285178 0.21010416666666654
8 0.16589353612167299 0.8289062500000001 0.33178707224334597 0.3421874999999999
8 0.36859315589353614 0.6383333333333333 0.07422053231939156 0.09416666666666658