8 0.36297658862876253 0.699047619047619 0.2598662207357859 0.2510714285714286
6 0.324247491638796 0.07666666666666669 0.24608695652173918 0.1344047619047619
7 0.6318394648829431 0.12107142857142855 0.042675585284280906 0.23464285714285715
7 0.6663545150501673 0.10125 0.04969899665551844 0.18357142857142855
7 0.7212709030100334 0.04404761904761905 0.05698996655518401 0.0748809523809524
2 0.03976588628762542 0.6767857142857143 0.05933110367892975 0.14422619047619042
10 0.09709030100334448 0.6328571428571428 0.10628762541806021 0.26613095238095236
10 0.1894314381270903 0.7023214285714285 0.09113712374581939 0.08190476190476186
2 0.22896321070234113 0.8450595238095238 0.1351839464882943 0.1632142857142858
2 0.4165886287625418 0.8549404761904762 0.11227424749163878 0.2114285714285714
2 0.542943143812709 0.797797619047619 0.07826086956521731 0.1821428571428572
5 0.8630100334448161 0.26964285714285713 0.08424749163879608 0.5317261904761905