7 0.3416774193548387 0.22368098159509203 0.06829032258064521 0.29938650306748466
7 0.26461290322580644 0.24754601226993866 0.0694516129032259 0.2828220858895706
7 0.19629032258064513 0.23779141104294477 0.039580645161290264 0.26331288343558285
7 0.5546451612903226 0.1199386503067485 0.07861290322580647 0.1912269938650307
0 0.9534516129032258 0.5134969325153375 0.07361290322580662 0.2303680981595091
5 0.8223870967741935 0.5085889570552148 0.045193548387096744 0.17386503067484665
10 0.6104838709677419 0.7920858895705523 0.1943225806451613 0.23834355828220874
8 0.548516129032258 0.7273006134969325 0.09087096774193554 0.184723926380368
2 0.7097741935483871 0.6123312883435583 0.08174193548387089 0.20024539877300604
2 0.5950967741935485 0.6099386503067484 0.09603225806451607 0.2128834355828222
3 0.6726451612903225 0.4262576687116565 0.07299999999999998 0.12803680981595095
10 0.6631935483870968 0.6566257668711657 0.04012903225806451 0.09607361963190182
7 0.4737741935483871 0.2884049079754601 0.019193548387096738 0.03736196319018407
7 0.2520967741935484 0.2874846625766871 0.03241935483870972 0.058773006134969316
7 0.030419354838709698 0.2938036809815951 0.03335483870967752 0.05392638036809811
7 0.05525806451612902 0.37171779141104294 0.0359354838709677 0.057852760736196364
2 0.4097741935483871 0.8788343558282209 0.12870967741935477 0.24233128834355827
2 0.2684838709677419 0.8992638036809817 0.12251612903225813 0.20147239263803665
2 0.1499677419354839 0.9046012269938649 0.12912903225806444 0.1907975460122701
2 0.0358387096774194 0.9138650306748467 0.0716774193548388 0.17226993865030665
2 0.06445161290322586 0.8388343558282207 0.068483870967742 0.10981595092024526
5 0.41029032258064513 0.6265030674846626 0.025870967741935424 0.2811042944785276
5 0.37341935483870964 0.6187116564417178 0.010967741935483798 0.2421472392638037
10 0.22258064516129034 0.8680981595092024 0.44516129032258067 0.26380368098159507