1 0.4539175257731959 0.6357915057915058 0.5935051546391752 0.3394208494208495
10 0.6968556701030928 0.742972972972973 0.5464432989690721 0.24849420849420856
7 0.552319587628866 0.47822393822393827 0.06876288659793817 0.10501930501930498
10 0.08979381443298963 0.6288030888030889 0.1594845360824742 0.12293436293436284
7 0.0661855670103093 0.46359073359073355 0.11221649484536073 0.10135135135135136
7 0.320979381443299 0.21683397683397682 0.06649484536082466 0.04540540540540543
7 0.09979381443298976 0.1798069498069498 0.07072164948453623 0.04216216216216217
7 0.02247422680412378 0.052702702702702706 0.04494845360824756 0.06463320463320463
7 0.47273195876288654 0.24042471042471042 0.05510309278350514 0.04111969111969114
7 0.5987113402061855 0.26563706563706563 0.078041237113402 0.04652509652509657
7 0.7884020618556701 0.24525096525096524 0.033762886597938205 0.03146718146718149
7 0.9272680412371134 0.20826254826254825 0.06530927835051555 0.06687258687258685