0 0.2683524904214559 0.5846113989637306 0.10808429118773938 0.13108808290155446
8 0.41026819923371655 0.7833160621761658 0.3947509578544062 0.2636269430051813
8 0.8536398467432951 0.6911917098445596 0.25727969348658997 0.30963730569948184
10 0.9157088122605364 0.805699481865285 0.1685823754789272 0.26424870466321243
10 0.5992720306513409 0.6758031088082902 0.0975862068965516 0.11766839378238331
10 0.497816091954023 0.6801036269430051 0.16777777777777786 0.08601036269430064
8 0.6124137931034482 0.6460621761658031 0.211800766283525 0.11575129533678744
7 0.8149425287356321 0.566839378238342 0.05793103448275864 0.06673575129533676
7 0.5365134099616858 0.22041450777202073 0.17628352490421453 0.28347150259067355
7 0.3949808429118774 0.39984455958549225 0.05494252873563209 0.06663212435233153
7 0.03881226053639845 0.21896373056994817 0.0776245210727969 0.136580310880829