8 0.1632706766917293 0.7256315789473684 0.32650375939849624 0.5487368421052631
7 0.1843609022556391 0.4086315789473684 0.11669172932330829 0.17789473684210522
10 0.5407142857142858 0.7830526315789473 0.3866541353383458 0.3302105263157895
10 0.9107518796992481 0.7498421052631579 0.17849624060150382 0.21710526315789475
2 0.8797744360902257 0.5880526315789474 0.21345864661654146 0.3261578947368421
2 0.405 0.5183157894736843 0.0985338345864662 0.14578947368421047
2 0.4826315789473684 0.5295263157894737 0.06578947368421052 0.17405263157894732
2 0.5675563909774436 0.5246315789473684 0.09360902255639089 0.176
2 0.6632706766917293 0.5256315789473684 0.0950751879699249 0.14284210526315783
2 0.5595488721804511 0.5041578947368421 0.043533834586466105 0.12331578947368424
10 0.5238345864661654 0.5243157894736842 0.25586466165413535 0.1547368421052632
7 0.5231203007518798 0.21294736842105264 0.0772556390977444 0.18989473684210526
7 0.8569172932330827 0.3857894736842105 0.05988721804511281 0.08963157894736842