6 0.5160333333333333 0.1475595238095238 0.22086666666666663 0.14011904761904764
7 0.7183666666666666 0.10214285714285715 0.0352666666666668 0.060714285714285686
7 0.6916333333333333 0.12910714285714286 0.02240000000000009 0.06357142857142857
7 0.2814 0.11773809523809524 0.013933333333333357 0.05220238095238093
7 0.2869333333333334 0.1550595238095238 0.025066666666666605 0.0418452380952381
5 0.5956333333333333 0.6035714285714286 0.10293333333333332 0.35494047619047614
2 0.6453666666666668 0.8639285714285714 0.08600000000000003 0.2237500000000002
2 0.5281666666666667 0.8119642857142857 0.050533333333333416 0.1991071428571428
2 0.42396666666666666 0.821904761904762 0.08116666666666675 0.21333333333333318
2 0.3057 0.8732142857142856 0.09186666666666668 0.2535714285714287
2 0.4001333333333333 0.8873809523809525 0.08069999999999994 0.2252380952380951
2 0.5289666666666667 0.895892857142857 0.11293333333333332 0.20821428571428582
10 0.8366666666666667 0.9613095238095238 0.11333333333333333 0.07738095238095238
7 0.45383333333333337 0.4055357142857143 0.030933333333333243 0.04386904761904765
7 0.6072666666666667 0.37625000000000003 0.02886666666666656 0.0419642857142857
7 0.3726333333333333 0.4017857142857143 0.03839999999999994 0.047678571428571376