8 0.28 0.6222222222222222 0.56 0.3022222222222222
7 0.9295555555555556 0.16608888888888887 0.055955555555555446 0.051644444444444465
7 0.8224 0.21448888888888887 0.06279999999999998 0.041822222222222205
7 0.7177333333333333 0.24115555555555554 0.04697777777777775 0.0359111111111111
7 0.6318222222222222 0.2604444444444445 0.029155555555555566 0.03293333333333332
7 0.5602222222222222 0.2782222222222222 0.03604444444444438 0.04479999999999999
7 0.5034666666666666 0.28955555555555557 0.04888888888888889 0.026044444444444505
7 0.4570666666666667 0.2974666666666667 0.023199999999999995 0.03
7 0.41555555555555557 0.3093333333333333 0.023155555555555464 0.04186666666666661
7 0.3795111111111111 0.31724444444444444 0.018222222222222324 0.033955555555555496
7 0.34844444444444445 0.32759999999999995 0.015244444444444475 0.036933333333333346
7 0.32177777777777783 0.3256444444444444 0.014400000000000041 0.032977777777777724
7 0.3000444444444444 0.3285777777777778 0.018355555555555535 0.015199999999999944
7 0.2763555555555556 0.3310666666666666 0.006488888888888798 0.026088888888888908
7 0.2590666666666666 0.3350222222222222 0.025244444444444476 0.03400000000000002
7 0.22795555555555552 0.3414222222222222 0.01639999999999999 0.040888888888888836
7 0.18053333333333335 0.07368888888888889 0.05471111111111112 0.0624888888888889
7 0.13511111111111113 0.13991111111111112 0.07960000000000012 0.040799999999999996
7 0.07142222222222219 0.19964444444444446 0.052977777777777846 0.02404444444444443
7 0.058622222222222214 0.2381777777777778 0.04377777777777788 0.029955555555555534
7 0.6589777777777777 0.040622222222222226 0.06373333333333348 0.025911111111111104
7 0.5261777777777777 0.09742222222222223 0.050844444444444435 0.05062222222222223
7 0.4313777777777778 0.1502666666666667 0.050844444444444435 0.043733333333333346
7 0.35977777777777775 0.1947111111111111 0.04586666666666664 0.04968888888888892
7 0.9295555555555556 0.03911111111111112 0.055955555555555446 0.028844444444444454
7 0.7335555555555556 0.10875555555555555 0.06279999999999998 0.043733333333333346
7 0.6056444444444443 0.1556888888888889 0.051866666666666485 0.04871111111111115
7 0.514311111111111 0.1947111111111111 0.050844444444444435 0.037866666666666646
7 0.45311111111111113 0.21746666666666667 0.0192444444444445 0.0358666666666667
7 0.39484444444444444 0.24164444444444444 0.02911111111111116 0.030977777777777774
7 0.3479111111111111 0.25795555555555555 0.0339999999999999 0.03395555555555556
7 0.3118666666666666 0.26982222222222224 0.01720000000000002 0.03395555555555556
7 0.2822666666666666 0.2846222222222223 0.01720000000000002 0.028044444444444455
7 0.24968888888888893 0.29204444444444444 0.024266666666666575 0.025066666666666605
7 0.23288888888888892 0.3024 0.02231111111111103 0.016177777777777718
7 0.30297777777777773 0.21253333333333332 0.023155555555555464 0.049733333333333324
7 0.26942222222222223 0.2372 0.016355555555555585 0.03986666666666666
7 0.24080000000000004 0.256 0.05391111111111109 0.03
7 0.2057333333333333 0.2673333333333333 0.025288888888888878 0.03493333333333333
7 0.17906666666666662 0.2806666666666667 0.019377777777777837 0.03195555555555554
7 0.15586666666666663 0.2871111111111111 0.014444444444444444 0.015199999999999944
7 0.1963555555555556 0.3098222222222222 0.02311111111111106 0.025066666666666605
7 0.1385777777777778 0.3004444444444444 0.014177777777777768 0.035955555555555574
7 0.1193333333333333 0.3123111111111111 0.011199999999999918 0.035955555555555574
7 0.16968888888888892 0.32168888888888886 0.017155555555555615 0.036933333333333346
8 0.7799111111111111 0.6566222222222222 0.38551111111111114 0.33946666666666664
10 0.54 0.7524444444444445 0.24835555555555552 0.2229333333333332
10 0.32720000000000005 0.7914666666666668 0.21768888888888893 0.2476444444444443
2 0.640488888888889 0.4702222222222222 0.06568888888888877 0.0950222222222222
10 0.5270222222222222 0.4556 0.15333333333333327 0.08013333333333333