7 0.6583225806451614 0.22368098159509203 0.06829032258064521 0.29938650306748466
7 0.7353870967741936 0.24754601226993866 0.0694516129032259 0.2828220858895706
7 0.8037096774193548 0.23779141104294477 0.039580645161290264 0.26331288343558285
7 0.4453548387096774 0.1199386503067485 0.07861290322580647 0.1912269938650307
0 0.04654838709677419 0.5134969325153375 0.07361290322580645 0.2303680981595091
5 0.17761290322580645 0.5085889570552148 0.04519354838709679 0.17386503067484665
10 0.3895161290322581 0.7920858895705523 0.1943225806451613 0.23834355828220863
8 0.45148387096774195 0.7273006134969325 0.09087096774193554 0.184723926380368
2 0.2902258064516129 0.6123312883435583 0.08174193548387097 0.20024539877300604
2 0.4049032258064516 0.6099386503067484 0.09603225806451617 0.2128834355828222
3 0.3273548387096774 0.4262576687116565 0.07299999999999998 0.12803680981595095
10 0.33680645161290323 0.6566257668711657 0.04012903225806451 0.09607361963190182
7 0.5262258064516129 0.2884049079754601 0.019193548387096738 0.03736196319018407
7 0.7479032258064516 0.2874846625766871 0.03241935483870972 0.058773006134969316
7 0.9695806451612903 0.2938036809815951 0.03335483870967752 0.05392638036809811
7 0.944741935483871 0.37171779141104294 0.0359354838709677 0.057852760736196364
2 0.5902258064516129 0.8788343558282209 0.12870967741935477 0.24233128834355827
2 0.731516129032258 0.8992638036809817 0.12251612903225813 0.20147239263803665
2 0.8500322580645161 0.9046012269938649 0.12912903225806444 0.1907975460122701
2 0.9641612903225806 0.9138650306748467 0.0716774193548388 0.17226993865030665
2 0.9355483870967741 0.8388343558282207 0.068483870967742 0.10981595092024535
5 0.5897096774193549 0.6265030674846626 0.025870967741935424 0.2811042944785276
5 0.6265806451612903 0.6187116564417178 0.010967741935483798 0.2421472392638037
10 0.7774193548387097 0.8680981595092024 0.44516129032258067 0.26380368098159507