0 0.3003272727272727 0.4987978142076503 0.18854545454545452 0.17114754098360652
7 0.4008 0.18524590163934426 0.12283636363636365 0.3339890710382513
6 0.8313454545454546 0.3357377049180328 0.126509090909091 0.05983606557377047
2 0.23847272727272725 0.8628415300546448 0.20007272727272732 0.2742622950819672
2 0.554509090909091 0.7231693989071039 0.11639999999999996 0.1904918032786886
2 0.730909090909091 0.7836065573770492 0.19301818181818176 0.2308196721311476
4 0.3162909090909091 0.7222404371584699 0.2561454545454545 0.15404371584699453
10 0.5226181818181818 0.9002732240437158 0.21334545454545462 0.1994535519125683
7 0.6243636363636363 0.1410928961748634 0.045563636363636265 0.06163934426229509
7 0.5185090909090909 0.17797814207650273 0.04050909090909086 0.04918032786885246
7 0.15818181818181817 0.01366120218579235 0.04 0.0273224043715847
8 0.8027272727272727 0.8901639344262295 0.39454545454545453 0.2196174863387978
5 0.728 0.5396174863387978 0.07058181818181827 0.3474863387978143
10 0.8607636363636364 0.6902732240437158 0.2784363636363636 0.1527322404371584