0 0.32221818181818185 0.5166666666666666 0.15949090909090913 0.14207650273224043
7 0.44294545454545453 0.5614754098360656 0.042436363636363696 0.10781420765027316
8 0.5108 0.8031693989071038 0.8497454545454546 0.3890710382513661
2 0.5991636363636363 0.5926229508196722 0.08243636363636349 0.13169398907103821
2 0.6947636363636364 0.6156830601092896 0.1258181818181819 0.1627868852459016
7 0.8714909090909091 0.34273224043715844 0.02941818181818173 0.02775956284153012
7 0.6822909090909091 0.16207650273224042 0.05225454545454547 0.061038251366120226
7 0.5294545454545454 0.2551912568306011 0.04276363636363633 0.06513661202185793
7 0.24938181818181823 0.0942622950819672 0.05341818181818181 0.07109289617486338
7 0.4877090909090909 0.24967213114754097 0.05959999999999995 0.315136612021858
10 0.5156727272727273 0.6879234972677595 0.17134545454545455 0.11098360655737706
10 0.4917818181818182 0.7724590163934427 0.1343272727272727 0.09180327868852466
4 0.3714909090909091 0.648360655737705 0.20312727272727277 0.08688524590163937