2 0.24221818181818186 0.6189071038251367 0.30796363636363633 0.6142076502732241
2 0.782 0.7080327868852458 0.33134545454545455 0.5426775956284153
2 0.6282181818181818 0.2451366120218579 0.1183636363636362 0.2237704918032788
2 0.23719999999999997 0.17846994535519123 0.15603636363636372 0.14224043715846996
10 0.6059272727272728 0.6600546448087432 0.5457090909090909 0.6798360655737705
10 0.29847272727272733 0.3731693989071039 0.3108727272727273 0.3705464480874317
10 0.43210909090909094 0.3309836065573771 0.3383636363636364 0.320655737704918
5 0.7749454545454546 0.1943169398907104 0.16178181818181822 0.36377049180327864
5 0.0014541668009968073 0.46829864283010814 0.09328805201534351 0.418416813746782 0.027113276577452283 0.018214932590645883 0.018035419577643097 0.0001771222942552596 0 0.007851259979001738 0.0014541668009968073 0.46829864283010814
5 0.026963624772133286 0.0040141691807863466 0.09328805201534351 0.40115003688986567 0.2233858906410451 0.31673474191607515 0.18001990550825264 0 0.026963624772133286 0.0040141691807863466
5 0.8558214105487442 0.0009586771980660861 0.8075506565263416 0.42225390454499756 0.941474902170446 0.4874839211744481 0.9975956162888067 0.22080817454763849 1 0.0020956676933629164 0.8558214105487442 0.0009586771980660861
10 0.941709090909091 0.6148087431693988 0.11654545454545448 0.23836065573770493