2 0.7987152777777777 0.6726857142857143 0.1583680555555556 0.21777142857142864
2 0.6534722222222222 0.7003428571428572 0.19000000000000009 0.2044571428571427
2 0.33586805555555554 0.7375428571428571 0.3340972222222221 0.49600000000000005
2 0.24958333333333332 0.5741142857142857 0.2780902777777779 0.3006285714285715
8 0.7683680555555557 0.5069142857142857 0.29895833333333344 0.2177142857142857
8 0.4428819444444445 0.49028571428571427 0.3630555555555556 0.21291428571428567
10 0.5646875 0.5798285714285715 0.36597222222222214 0.18628571428571425
7 0.8374652777777778 0.32308571428571425 0.08083333333333324 0.13565714285714284
7 0.06243055555555562 0.25874285714285716 0.07881944444444461 0.12702857142857146
7 0.20652777777777775 0.3602285714285714 0.19343749999999993 0.10708571428571426
5 0.10611111111111111 0.3597714285714285 0.09215277777777775 0.40908571428571433
7 0.5686111111111111 0.41948571428571424 0.07253472222222218 0.2015428571428572
7 0.5404166666666667 0.3516 0.04211805555555554 0.07874285714285716
2 0.431875 0.3875428571428571 0.037291666666666695 0.05045714285714293
2 0.38864583333333336 0.3929714285714285 0.05673611111111102 0.05697142857142856
2 0.4879166666666667 0.3740571428571428 0.03593750000000008 0.06280000000000005
2 0.44843750000000004 0.3610285714285714 0.02225694444444453 0.06274285714285717
2 0.5192361111111111 0.3766285714285714 0.031527777777777724 0.06348571428571437
10 0.4325347222222222 0.38022857142857147 0.12065972222222222 0.0475428571428571
7 0.4272569444444445 0.26954285714285714 0.03284722222222215 0.14988571428571432
7 0.7909375 0.3007428571428572 0.049270833333333326 0.16874285714285714
7 0.7494791666666667 0.2884 0.02659722222222231 0.1266285714285714
7 0.46937500000000004 0.05817142857142857 0.030624999999999975 0.0408
7 0.20427083333333337 0.024399999999999998 0.04201388888888897 0.04731428571428572
7 0.7432986111111111 0.0832 0.028090277777777888 0.05171428571428572