10 0.6476 0.7352 0.2749777777777778 0.31284444444444437
10 0.7912888888888888 0.8782666666666668 0.3667555555555555 0.24346666666666655
10 0.38102222222222215 0.7455555555555555 0.2581777777777777 0.33951111111111104
10 0.6777333333333334 0.7836 0.2107555555555556 0.23186666666666675
2 0.9609777777777778 0.8364444444444444 0.07804444444444446 0.2724000000000001
2 0.8752444444444445 0.7850666666666666 0.1435555555555556 0.2960444444444445
2 0.7661333333333333 0.640311111111111 0.09715555555555562 0.2060888888888889
10 0.5498666666666666 0.46986666666666665 0.10315555555555553 0.12
10 0.8755555555555555 0.6511111111111111 0.24888888888888888 0.2
10 0.7162666666666666 0.5686666666666667 0.13373333333333323 0.13982222222222226
10 0.5286222222222222 0.5336 0.07555555555555556 0.09928888888888877
7 0.41853333333333326 0.1848888888888889 0.045955555555555444 0.16035555555555556
7 0.48075555555555555 0.20857777777777778 0.023199999999999995 0.07737777777777777
7 0.4940888888888889 0.2204 0.014311111111111106 0.05368888888888888
7 0.49013333333333337 0.2831555555555556 0.057777777777777775 0.030977777777777774
7 0.44173333333333326 0.2510222222222222 0.024177777777777767 0.03195555555555554
7 0.47875555555555555 0.25204444444444446 0.027155555555555617 0.022088888888888884
7 0.33657777777777775 0.21497777777777777 0.06266666666666677 0.06057777777777776
10 0.6505777777777778 0.4348 0.09831111111111113 0.09133333333333338