7 0.4406428571428571 0.3179444444444444 0.06425000000000003 0.16027777777777782
8 0.20850000000000005 0.49494444444444446 0.3932142857142857 0.2978333333333334
8 0.34632142857142856 0.6260555555555556 0.33050000000000007 0.22677777777777774
8 0.5743571428571428 0.44372222222222224 0.28282142857142856 0.2481111111111111
10 0.9006785714285714 0.4061666666666667 0.1986071428571429 0.054055555555555496
7 0.8378214285714286 0.3165 0.024000000000000098 0.11638888888888886
7 0.8694642857142857 0.3184444444444444 0.036785714285714324 0.13200000000000003
5 0.6915357142857143 0.1971111111111111 0.11114285714285715 0.39416666666666667
5 0.5703214285714285 0.1663888888888889 0.12057142857142854 0.3191111111111111
2 0.8442857142857143 0.6041111111111112 0.31139285714285714 0.3993333333333334
2 0.6182142857142857 0.7260000000000001 0.24271428571428563 0.31555555555555564