6 0.47612403100775197 0.10400000000000001 0.16701550387596895 0.20794871794871794
10 0.2151937984496124 0.6356410256410256 0.2351162790697674 0.32353846153846155
2 0.20763565891472865 0.7657948717948718 0.18992248062015502 0.26471794871794874
10 0.5772480620155039 0.866974358974359 0.16251937984496126 0.19923076923076935
10 0.4541472868217054 0.7515384615384616 0.18767441860465112 0.12220512820512812
7 0.427984496124031 0.5406666666666667 0.09290697674418605 0.3044615384615385
8 0.6946124031007752 0.7534358974358973 0.3046899224806202 0.33123076923076916
2 0.5102713178294573 0.641948717948718 0.07341085271317828 0.11153846153846154
2 0.5668217054263566 0.6621538461538462 0.05686046511627913 0.050974358974358966
7 0.06686046511627906 0.341948717948718 0.07228682170542636 0.10815384615384617
7 0.33197674418604656 0.3727179487179488 0.04717054263565887 0.07912820512820516