2 0.6747636363636363 0.6627322404371585 0.12476363636363637 0.15584699453551903
8 0.5 0.8973770491803279 1 0.20524590163934428
6 0.5146909090909091 0.09021857923497267 0.21527272727272723 0.17273224043715846
7 0.5165818181818181 0.19568306010928962 0.05072727272727268 0.07306010928961751
7 0.37403636363636367 0.13863387978142078 0.04876363636363645 0.05672131147540985
7 0.25123636363636365 0.19759562841530054 0.0608363636363637 0.04240437158469948
7 0.8052 0.18131147540983605 0.05145454545454537 0.06732240437158474
7 0.7174909090909091 0.18945355191256832 0.04487272727272739 0.05486338797814203
10 0.7107636363636363 0.747103825136612 0.06810909090909098 0.14054644808743152
3 0.7232 0.6622404371584699 0.047054545454545446 0.06857923497267766
8 0.1708 0.7289071038251366 0.3416 0.31125683060109277
2 0.824690909090909 0.7600546448087432 0.19243636363636368 0.24125683060109276
5 0.7135636363636364 0.4950819672131147 0.06603636363636352 0.2644808743169399