5 0.38200000000000006 0.4949726775956284 0.08200000000000005 0.30928961748633876
2 0.7872727272727272 0.7896174863387978 0.14181818181818182 0.4207650273224044
2 0.6418181818181818 0.7814207650273224 0.14181818181818182 0.4371584699453552
2 0.5009818181818182 0.7865027322404372 0.1432 0.4207103825136613
2 0.39538181818181817 0.7044808743169398 0.09349090909090901 0.3429508196721311
10 0.6307272727272727 0.7654098360655738 0.5105454545454544 0.39
5 0.20309090909090907 0.5151366120218579 0.11883636363636366 0.6832786885245902
7 0.4949090909090909 0.0360655737704918 0.036690909090909 0.06442622950819672
7 0.3941090909090909 0.24562841530054647 0.0391999999999999 0.1326775956284153
7 0.5829454545454545 0.21633879781420767 0.09792727272727275 0.07989071038251369
3 0.3089454545454546 0.3621311475409836 0.05461818181818175 0.17590163934426228