2 0.46510344827586203 0.573103448275862 0.047965517241379346 0.12126436781609193
7 0.4724137931034483 0.10057471264367816 0.14482758620689656 0.20114942528735633
7 0.49010344827586205 0.28660919540229884 0.02731034482758626 0.14597701149425282
7 0.6952068965517242 0.33448275862068966 0.05134482758620685 0.0808620689655172
7 0.9468275862068964 0.12086206896551725 0.10631034482758635 0.18229885057471265
7 0.3995862068965517 0.4144827586206897 0.02217241379310347 0.08568965517241377
7 0.2596551724137931 0.4447126436781609 0.02851724137931038 0.11735632183908055
0 0.12693103448275864 0.47488505747126436 0.1403448275862069 0.298448275862069
4 0.17424137931034483 0.7517241379310345 0.28093103448275863 0.22402298850574714
10 0.41365517241379307 0.8245977011494252 0.13651724137931034 0.1932758620689655
2 0.38782758620689656 0.5807471264367816 0.06344827586206898 0.15959770114942534
2 0.4578965517241379 0.7072413793103448 0.1560344827586207 0.11367816091954015
8 0.7204827586206897 0.7763218390804598 0.35703448275862065 0.4472988505747125
2 0.37889655172413794 0.6186206896551724 0.07437931034482756 0.18356321839080458
2 0.4498620689655173 0.6176436781609196 0.06462068965517244 0.15862068965517237
10 0.422 0.617183908045977 0.15713793103448273 0.1404597701149425
7 0.6371724137931034 0.4116091954022989 0.026103448275862046 0.07994252873563217
5 0.5303793103448275 0.4792528735632184 0.07227586206896544 0.339367816091954