8 0.7182666666666667 0.6250222222222223 0.5634666666666666 0.2999111111111112
7 0.07044444444444445 0.16608888888888887 0.05595555555555556 0.05164444444444445
7 0.1776 0.21448888888888887 0.06279999999999998 0.041822222222222205
7 0.28226666666666667 0.24115555555555554 0.04697777777777781 0.0359111111111111
7 0.36817777777777777 0.2604444444444445 0.029155555555555566 0.03293333333333332
7 0.43977777777777777 0.2782222222222222 0.03604444444444438 0.04479999999999999
7 0.4965333333333333 0.28955555555555557 0.04888888888888889 0.026044444444444474
7 0.5429333333333333 0.2974666666666667 0.023199999999999995 0.03
7 0.5844444444444444 0.3093333333333333 0.023155555555555464 0.04186666666666661
7 0.620488888888889 0.31724444444444444 0.018222222222222324 0.033955555555555496
7 0.6515555555555556 0.32759999999999995 0.015244444444444475 0.036933333333333346
7 0.6782222222222222 0.3256444444444444 0.014400000000000041 0.032977777777777724
7 0.6999555555555556 0.3285777777777778 0.018355555555555535 0.015199999999999944
7 0.7236444444444444 0.3310666666666666 0.006488888888888798 0.026088888888888908
7 0.7409333333333333 0.3350222222222222 0.025244444444444476 0.03400000000000002
7 0.7720444444444445 0.3414222222222222 0.01639999999999999 0.040888888888888836
7 0.8194666666666667 0.07368888888888889 0.05471111111111112 0.0624888888888889
7 0.8648888888888888 0.13991111111111112 0.07960000000000012 0.040799999999999996
7 0.9285777777777778 0.19964444444444446 0.052977777777777846 0.02404444444444443
7 0.9413777777777778 0.2381777777777778 0.04377777777777788 0.029955555555555534
7 0.3410222222222222 0.040622222222222226 0.06373333333333335 0.025911111111111107
7 0.4738222222222222 0.09742222222222223 0.050844444444444435 0.05062222222222223
7 0.5686222222222223 0.1502666666666667 0.050844444444444435 0.043733333333333346
7 0.6402222222222222 0.1947111111111111 0.04586666666666664 0.04968888888888892
7 0.07044444444444445 0.03911111111111112 0.05595555555555556 0.02884444444444445
7 0.2664444444444445 0.10875555555555555 0.06279999999999998 0.043733333333333346
7 0.39435555555555557 0.1556888888888889 0.05186666666666661 0.04871111111111113
7 0.4856888888888889 0.1947111111111111 0.050844444444444435 0.037866666666666646
7 0.5468888888888889 0.21746666666666667 0.0192444444444445 0.0358666666666667
7 0.6051555555555556 0.24164444444444444 0.02911111111111116 0.030977777777777774
7 0.6520888888888888 0.25795555555555555 0.0339999999999999 0.03395555555555556
7 0.6881333333333334 0.26982222222222224 0.01720000000000002 0.03395555555555556
7 0.7177333333333333 0.2846222222222223 0.01720000000000002 0.028044444444444455
7 0.750311111111111 0.29204444444444444 0.024266666666666575 0.025066666666666636
7 0.7671111111111111 0.3024 0.02231111111111103 0.016177777777777718
7 0.6970222222222223 0.21253333333333332 0.023155555555555464 0.049733333333333324
7 0.7305777777777778 0.2372 0.016355555555555585 0.03986666666666666
7 0.7592 0.256 0.05391111111111109 0.03
7 0.7942666666666667 0.2673333333333333 0.025288888888888878 0.03493333333333333
7 0.8209333333333334 0.2806666666666667 0.019377777777777837 0.03195555555555558
7 0.8441333333333334 0.2871111111111111 0.014444444444444444 0.015199999999999976
7 0.8036444444444444 0.3098222222222222 0.02311111111111106 0.025066666666666605
7 0.8614222222222222 0.3004444444444444 0.014177777777777768 0.035955555555555574
7 0.8806666666666667 0.3123111111111111 0.011199999999999918 0.035955555555555574
7 0.8303111111111111 0.32168888888888886 0.017155555555555615 0.036933333333333346
8 0.2200888888888889 0.6566222222222222 0.3855111111111111 0.33946666666666664
10 0.46 0.7524444444444445 0.24835555555555552 0.2229333333333332
10 0.6728 0.7914666666666668 0.2176888888888889 0.2476444444444443
2 0.3595111111111111 0.4702222222222222 0.0656888888888889 0.0950222222222222
10 0.4729777777777778 0.4556 0.15333333333333332 0.08013333333333333