2 0.04487544483985765 0.1824581005586592 0.06975088967971531 0.19245810055865922
2 0.6662989323843416 0.26430167597765364 0.0876512455516014 0.11502793296089388
2 0.15597864768683273 0.48055865921787705 0.2694661921708185 0.3298882681564245
2 0.813950177935943 0.6932960893854748 0.3699644128113878 0.5437430167597764
2 0.1712455516014235 0.23201117318435754 0.25135231316725976 0.25033519553072625
8 0.5548398576512455 0.4883798882681564 0.4453736654804271 0.3181005586592179
2 0.6066548042704626 0.2775418994413408 0.1070106761565836 0.08860335195530726
2 0.4359430604982206 0.2310055865921788 0.08398576512455519 0.1424581005586592
2 0.5317793594306051 0.21284916201117318 0.03213523131672588 0.13558659217877092
2 0.7736654804270463 0.3305027932960894 0.11508896797153016 0.1827374301675978
5 0.21402135231316727 0.12368715083798883 0.10839857651245555 0.24731843575419
10 0.48370106761565834 0.2422905027932961 0.0558718861209964 0.08854748603351952