4 0.2771314741035857 0.7680597014925373 0.19649402390438245 0.11189054726368164
6 0.4989641434262948 0.15577114427860694 0.35888446215139447 0.23935323383084578
6 0.34079681274900403 0.3982587064676617 0.16916334661354585 0.12144278606965173
7 0.22171314741035855 0.2557711442786069 0.05749003984063742 0.05890547263681594
7 0.19398406374501992 0.41139303482587064 0.0348605577689243 0.0365174129353234
7 0.5044621513944223 0.30845771144278605 0.06051792828685258 0.05890547263681594
6 0.7477290836653386 0.38601990049751245 0.195577689243028 0.09119402985074619
2 0.2763745019920319 0.7881094527363184 0.09183266932270918 0.20462686567164176
2 0.30019920318725096 0.8232338308457712 0.09733067729083668 0.23975124378109453
2 0.3689641434262948 0.7695522388059702 0.07454183266932274 0.14407960199004965
2 0.38808764940239043 0.7954228855721392 0.08784860557768928 0.18213930348258714
2 0.42597609561752986 0.8061691542288557 0.11047808764940235 0.21144278606965175
2 0.28613545816733066 0.7983582089552239 0.09733067729083668 0.20756218905472623
0 0.2787250996015936 0.6407462686567164 0.11529880478087648 0.0971641791044777
10 0.7833466135458168 0.8717910447761194 0.12625498007968128 0.1309950248756218
8 0.6993227091633466 0.8095522388059702 0.10808764940239042 0.14218905472636809
0 0.964422310756972 0.710547263681592 0.07115537848605583 0.2660199004975125
2 0.8145418326693227 0.7729353233830847 0.0786055776892431 0.09825870646766169