0 0.522290909090909 0.47240437158469945 0.27778181818181813 0.22387978142076503
4 0.5015636363636364 0.714535519125683 0.36770909090909093 0.17322404371584693
10 0.04432727272727272 0.8858469945355192 0.08865454545454544 0.22825136612021849
2 0.11229090909090908 0.7500546448087431 0.22454545454545455 0.3362841530054645
2 0.886909090909091 0.7634972677595628 0.22614545454545454 0.3171038251366121
2 0.9548727272727272 0.8384153005464481 0.09025454545454553 0.3231693989071038
10 0.5162181818181818 0.9203825136612023 0.6828000000000002 0.15923497267759557
7 0.5280363636363636 0.06530054644808743 0.3581454545454546 0.13060109289617486
7 0.5223272727272726 0.14103825136612022 0.0558181818181819 0.032841530054644796
7 0.5229454545454546 0.19185792349726777 0.026472727272727172 0.0424590163934426
7 0.16065454545454547 0.1026775956284153 0.03680000000000001 0.04814207650273225
7 0.8753818181818181 0.09792349726775958 0.06141818181818177 0.0615846994535519
3 0.9768727272727272 0.34918032786885245 0.046254545454545555 0.12693989071038253
7 0.30479999999999996 0.39229508196721313 0.04185454545454542 0.07519125683060104
7 0.727709090909091 0.4004371584699454 0.04552727272727266 0.07426229508196723