1 0.6264727272727273 0.7443715846994535 0.45221818181818185 0.4714754098360657
7 0.4983636363636364 0.1124590163934426 0.19130909090909096 0.22366120218579238
5 0.06901818181818183 0.4961748633879781 0.13803636363636365 0.6078688524590163
7 0.2554181818181818 0.19245901639344262 0.061018181818181826 0.09748633879781422
7 0.34396363636363636 0.21573770491803276 0.05629090909090905 0.10765027322404373
7 0.47792727272727276 0.2896174863387978 0.08989090909090913 0.08540983606557374
7 0.5560363636363637 0.32907103825136613 0.027927272727272752 0.030765027322404347
7 0.554690909090909 0.4140983606557377 0.033309090909091 0.04295081967213122
7 0.6452727272727272 0.30278688524590164 0.04876363636363645 0.06311475409836063
7 0.7550181818181818 0.2769398907103825 0.042000000000000044 0.04185792349726774
7 0.9074909090909091 0.23344262295081966 0.06010909090909081 0.06409836065573772
7 0.9243272727272727 0.38579234972677595 0.06952727272727274 0.07131147540983612