8 0.6370234113712374 0.699047619047619 0.2598662207357859 0.2510714285714286
6 0.675752508361204 0.07666666666666669 0.24608695652173926 0.1344047619047619
7 0.3681605351170569 0.12107142857142855 0.042675585284280906 0.23464285714285715
7 0.33364548494983276 0.10125 0.04969899665551844 0.18357142857142855
7 0.27872909698996656 0.04404761904761905 0.05698996655518401 0.0748809523809524
2 0.9602341137123747 0.6767857142857143 0.0593311036789298 0.14422619047619042
10 0.9029096989966556 0.6328571428571428 0.10628762541806011 0.26613095238095225
10 0.8105685618729097 0.7023214285714285 0.09113712374581939 0.08190476190476186
2 0.771036789297659 0.8450595238095238 0.13518394648829438 0.1632142857142858
2 0.5834113712374582 0.8549404761904762 0.11227424749163878 0.21142857142857133
2 0.45705685618729097 0.797797619047619 0.07826086956521731 0.18214285714285727
5 0.1369899665551839 0.26964285714285713 0.08424749163879608 0.5317261904761905