2 0.534896551724138 0.573103448275862 0.047965517241379395 0.12126436781609193
7 0.5275862068965518 0.10057471264367816 0.14482758620689656 0.20114942528735633
7 0.509896551724138 0.28660919540229884 0.02731034482758626 0.14597701149425282
7 0.3047931034482758 0.33448275862068966 0.05134482758620685 0.0808620689655172
7 0.0531724137931035 0.12086206896551725 0.10631034482758635 0.18229885057471265
7 0.6004137931034483 0.4144827586206897 0.02217241379310347 0.08568965517241377
7 0.7403448275862069 0.4447126436781609 0.028517241379310283 0.11735632183908055
0 0.8730689655172413 0.47488505747126436 0.14034482758620695 0.298448275862069
4 0.8257586206896552 0.7517241379310345 0.2809310344827585 0.22402298850574723
10 0.586344827586207 0.8245977011494252 0.13651724137931046 0.1932758620689655
2 0.6121724137931035 0.5807471264367816 0.06344827586206908 0.15959770114942534
2 0.5421034482758621 0.7072413793103448 0.1560344827586207 0.11367816091954007
8 0.27951724137931033 0.7763218390804598 0.3570344827586206 0.4472988505747125
2 0.6211034482758621 0.6186206896551724 0.07437931034482756 0.18356321839080458
2 0.5501379310344827 0.6176436781609196 0.06462068965517244 0.15862068965517237
10 0.5780000000000001 0.617183908045977 0.15713793103448273 0.1404597701149425
7 0.36282758620689654 0.4116091954022989 0.026103448275862046 0.07994252873563217
5 0.4696206896551724 0.4792528735632184 0.07227586206896544 0.33936781609195393