0 0.485801749271137 0.23727891156462586 0.06425655976676391 0.15088435374149659
10 0.3166472303206997 0.6836734693877551 0.11822157434402328 0.1531972789115647
8 0.2587463556851312 0.6817006802721088 0.453002915451895 0.5202721088435374
5 0.09227405247813411 0.3795918367346939 0.05116618075801749 0.29945578231292524
5 0.04635568513119533 0.3960544217687075 0.05128279883381924 0.3076870748299319
5 0.010816326530612244 0.403265306122449 0.02163265306122449 0.3097959183673469
5 0.13291545189504375 0.3718367346938775 0.042303206997084564 0.2530612244897959
2 0.4562099125364431 0.8638095238095238 0.06868804664723033 0.27231292517006805
10 0.5161619215514092 0.7355592886018655 0.43667751920120146 0.8943862595772986 0.518597022247921 0.9657802475626703 0.5161619215514092 0.7355592886018655
2 0.5913411078717201 0.78421768707483 0.12163265306122441 0.2739455782312925
10 0.7088338192419825 0.6971428571428572 0.09157434402332361 0.1923809523809524
5 0.63067055393586 0.3089795918367347 0.06475218658892122 0.3375510204081633
5 0.6858600583090378 0.29088435374149657 0.05093294460641407 0.3323809523809524
7 0.8057725947521865 0.38523809523809527 0.023090379008746238 0.1685034013605442
10 0.784139941690962 0.4764625850340137 0.08049562682215747 0.060272108843537314
8 0.7715160349854228 0.6651700680272109 0.4289795918367347 0.4130612244897958
5 0.8393002915451895 0.31986394557823133 0.03551020408163251 0.3719727891156462
5 0.8670553935860058 0.3117687074829932 0.04221574344023329 0.3752380952380952