5 0.21725868725868724 0.451340206185567 0.10749034749034747 0.39670103092783493
5 0.3248262548262548 0.43793814432989686 0.11193050193050197 0.39288659793814434
5 0.60003861003861 0.6823711340206186 0.07038610038610045 0.2631958762886598
7 0.6533204633204633 0.4832474226804124 0.018185328185328108 0.04247422680412376
7 0.632934362934363 0.5061855670103093 0.033204633204633294 0.05396907216494845
10 0.8691891891891892 0.7702061855670103 0.04667953667953658 0.060773195876288766
8 0.8498841698841699 0.7348453608247423 0.06054054054054057 0.09324742268041224
7 0.6618918918918919 0.6002061855670103 0.043899613899613915 0.06453608247422686
10 0.7987644787644788 0.3715463917525773 0.03884169884169885 0.07108247422680408
10 0.9142471042471042 0.34242268041237117 0.042393822393822465 0.09871134020618559
2 0.7776833976833977 0.7654123711340207 0.04193050193050198 0.06268041237113416
5 0.9113899613899614 0.6842783505154639 0.03667953667953668 0.11804123711340202