0 0.11713815789473685 0.4889156626506024 0.19878289473684213 0.4193975903614458
4 0.1569078947368421 0.8533132530120482 0.3138157894736842 0.29337349397590357
10 0.5575 0.9637349397590361 0.21167763157894726 0.07246987951807213
8 0.7138157894736842 0.786144578313253 0.5657894736842105 0.42771084337349397
7 0.5642763157894737 0.09475903614457831 0.03730263157894729 0.021265060240963862
7 0.3400657894736842 0.09668674698795181 0.0118092105263158 0.05951807228915664
7 0.42046052631578945 0.3052409638554217 0.028486842105263192 0.051987951807228885
7 0.6290131578947369 0.31 0.028914473684210594 0.05012048192771089
7 0.6679276315789474 0.25024096385542166 0.028388157894736827 0.07397590361445784
2 0.4598684210526316 0.6160843373493976 0.05404605263157897 0.1459638554216867
10 0.5029605263157895 0.6175301204819278 0.08483552631578954 0.10481927710843376
7 0.3993092105263158 0.23728915662650601 0.020657894736842108 0.04240963855421691
7 0.7501315789473684 0.10150602409638555 0.029572368421052663 0.06909638554216867