10 0.28695652173913044 0.6034246575342466 0.2557826086956521 0.15470319634703195
10 0.9587826086956522 0.7104566210045662 0.08243478260869556 0.1690410958904109
2 0.12047826086956526 0.5006392694063927 0.2409565217391305 0.1203652968036529
2 0.1031304347826087 0.36360730593607304 0.05826086956521729 0.12027397260273974
2 0.026739130434782633 0.37881278538812785 0.05343478260869574 0.1278995433789954
2 0.17691304347826087 0.37694063926940635 0.057391304347826036 0.12410958904109592
2 0.24617391304347827 0.34840182648401824 0.06482608695652185 0.10123287671232871
2 0.34039130434782605 0.3731050228310502 0.051130434782608654 0.059406392694063885
2 0.25208695652173907 0.41073059360730596 0.09182608695652177 0.10602739726027396
10 0.2539130434782609 0.3740639269406393 0.19686956521739143 0.1184018264840183
10 0.08478260869565217 0.3493150684931507 0.16956521739130434 0.1506849315068493
7 0.09360869565217392 0.16141552511415524 0.036826086956521856 0.14397260273972604
7 0.05465217391304345 0.14712328767123287 0.02417391304347827 0.1610958904109589
7 0.017956521739130416 0.14095890410958906 0.03591304347826083 0.1658447488584475
7 0.3766086956521739 0.2808219178082192 0.1082608695652173 0.12593607305936066
7 0.9859565217391305 0.35219178082191777 0.02808695652173904 0.10885844748858449
8 0.6455217391304348 0.6253881278538813 0.6678695652173914 0.5981278538812785