7 0.2007924528301887 0.31894736842105265 0.08430188679245273 0.1622105263157895
7 0.6864150943396227 0.0771578947368421 0.3113207547169811 0.15426315789473682
7 0.38384905660377355 0.12005263157894736 0.17007547169811318 0.2401052631578947
7 0.2622641509433962 0.22778947368421054 0.12339622641509429 0.2313684210526316
5 0.2594716981132075 0.5026842105263158 0.0675094339622641 0.16136842105263155
5 0.08479245283018867 0.5124736842105263 0.08056603773584914 0.21984210526315795
2 0.7240754716981131 0.722578947368421 0.1330188679245283 0.25605263157894725
2 0.5515094339622642 0.6075263157894737 0.05622641509433975 0.0726842105263158
2 0.4663018867924528 0.5982105263157894 0.05347169811320761 0.07173684210526314
2 0.29860377358490564 0.6084736842105263 0.055471698113207506 0.08636842105263157
2 0.24796226415094344 0.6094736842105263 0.04026415094339628 0.1
2 0.19588679245283017 0.624578947368421 0.04935849056603767 0.0775789473684211
2 0.16026415094339622 0.6138421052631579 0.03679245283018868 0.0912105263157894
10 0.22094339622641515 0.627578947368421 0.13815094339622647 0.07926315789473685
10 0.19618867924528305 0.8472105263157894 0.11196226415094346 0.16942105263157894
2 0.29550943396226415 0.8829473684210526 0.09347169811320748 0.1427368421052632
10 0.5472075471698112 0.8652631578947368 0.3008679245283019 0.19526315789473697
8 0.4207169811320755 0.7361578947368421 0.31981132075471697 0.1917368421052632
10 0.6471320754716982 0.7103157894736842 0.09886792452830184 0.07121052631578934
7 0.2017358490566038 0.6982631578947368 0.08109433962264154 0.17105263157894737
7 0.6344905660377358 0.6457368421052632 0.055962264150943554 0.12794736842105264