7 0.5593571428571429 0.3179444444444444 0.06425000000000003 0.16027777777777782
8 0.7915 0.49494444444444446 0.3932142857142858 0.2978333333333334
8 0.6536785714285714 0.6260555555555556 0.33050000000000007 0.22677777777777774
8 0.42564285714285716 0.44372222222222224 0.28282142857142856 0.2481111111111111
10 0.09932142857142857 0.4061666666666667 0.1986071428571429 0.054055555555555496
7 0.16217857142857142 0.3165 0.024000000000000098 0.11638888888888882
7 0.13053571428571434 0.3184444444444444 0.036785714285714324 0.13200000000000003
5 0.30846428571428575 0.1971111111111111 0.11114285714285715 0.39416666666666667
5 0.4296785714285714 0.1663888888888889 0.12057142857142854 0.3191111111111111
2 0.1557142857142857 0.6041111111111112 0.31139285714285714 0.3993333333333333
2 0.3817857142857143 0.7260000000000001 0.24271428571428563 0.31555555555555564