2 0.2012847222222222 0.6726857142857143 0.15836805555555558 0.21777142857142864
2 0.34652777777777777 0.7003428571428572 0.19 0.20445714285714278
2 0.6641319444444445 0.7375428571428571 0.3340972222222221 0.49600000000000005
2 0.7504166666666667 0.5741142857142857 0.2780902777777779 0.3006285714285715
8 0.23163194444444443 0.5069142857142857 0.2989583333333333 0.2177142857142857
8 0.5571180555555555 0.49028571428571427 0.3630555555555556 0.21291428571428567
10 0.4353125 0.5798285714285715 0.3659722222222222 0.18628571428571425
7 0.16253472222222223 0.32308571428571425 0.08083333333333334 0.13565714285714284
7 0.9375694444444443 0.25874285714285716 0.07881944444444461 0.12702857142857146
7 0.7934722222222222 0.3602285714285714 0.19343749999999993 0.10708571428571426
5 0.8938888888888888 0.3597714285714285 0.09215277777777775 0.40908571428571433
7 0.4313888888888889 0.41948571428571424 0.07253472222222228 0.2015428571428572
7 0.4595833333333334 0.3516 0.04211805555555554 0.07874285714285716
2 0.568125 0.3875428571428571 0.037291666666666695 0.05045714285714289
2 0.6113541666666666 0.3929714285714285 0.05673611111111102 0.05697142857142856
2 0.5120833333333333 0.3740571428571428 0.03593750000000008 0.06280000000000001
2 0.5515625 0.3610285714285714 0.02225694444444453 0.06274285714285717
2 0.48076388888888894 0.3766285714285714 0.031527777777777724 0.06348571428571433
10 0.5674652777777778 0.38022857142857147 0.12065972222222222 0.0475428571428571
7 0.5727430555555555 0.26954285714285714 0.03284722222222215 0.14988571428571432
7 0.20906250000000004 0.3007428571428572 0.04927083333333335 0.1687428571428572
7 0.25052083333333336 0.2884 0.02659722222222221 0.1266285714285714
7 0.530625 0.05817142857142857 0.030624999999999975 0.0408
7 0.7957291666666666 0.024399999999999998 0.04201388888888897 0.04731428571428572
7 0.25670138888888894 0.0832 0.02809027777777779 0.05171428571428572