7 0.3385074626865672 0.15099601593625497 0.09895522388059705 0.24318725099601596
7 0.7678109452736319 0.10685258964143426 0.12601990049751235 0.21370517928286853
7 0.43283582089552236 0.0398406374501992 0.1890547263681592 0.0796812749003984
7 0.01990049751243781 0.14621513944223108 0.03980099502487562 0.119800796812749
5 0.2544278606965174 0.5011155378486056 0.1155721393034826 0.2376892430278885
5 0.1537313432835821 0.5049402390438247 0.11323383084577117 0.2680478087649402
7 0.5297512437810945 0.477410358565737 0.11900497512437805 0.15609561752988044
10 0.29462686567164176 0.8476494023904382 0.5892537313432835 0.3047011952191236
8 0.7484577114427861 0.8789641434262948 0.5030845771144279 0.24207171314741033
8 0.5978109452736319 0.6765737051792828 0.6886567164179105 0.28127490039840647
8 0.0862189054726368 0.6025498007968128 0.1724378109452736 0.1939043824701196
10 0.8702985074626866 0.642390438247012 0.23049751243781086 0.17876494023904385
2 0.9477611940298507 0.5750199203187252 0.09502487562189066 0.10470119521912362
2 0.8097512437810945 0.5462948207171315 0.09870646766169142 0.05721115537848611
7 0.7440298507462687 0.35717131474103586 0.07830845771144283 0.17015936254980082
7 0.8525870646766169 0.3431474103585657 0.06756218905472629 0.16079681274900404
2 0.7308955223880597 0.5474501992031873 0.08119402985074624 0.05486055776892423