2 0.0328 0.7155952380952381 0.0656 0.4712500000000001
5 0.4459 0.47315476190476186 0.08756666666666665 0.4002380952380951
8 0.6516666666666666 0.6139880952380953 0.2451333333333334 0.22833333333333342
10 0.7606333333333333 0.7940476190476191 0.24086666666666665 0.28797619047619044
2 0.9143333333333333 0.6664285714285714 0.16410000000000005 0.2822023809523809
2 0.9756666666666667 0.7538690476190476 0.04866666666666674 0.2246428571428572
7 0.1999333333333333 0.14089285714285715 0.029466666666666655 0.058809523809523825
7 0.29486666666666667 0.14375 0.03630000000000005 0.030476190476190462
7 0.24936666666666668 0.18250000000000002 0.021499999999999964 0.028571428571428574
7 0.2848333333333333 0.22928571428571431 0.016200000000000044 0.03714285714285711
7 0.3279333333333333 0.19005952380952382 0.029433333333333374 0.032380952380952364
7 0.3440666666666667 0.2344642857142857 0.014066666666666663 0.03053571428571426
10 0.256 0.5179761904761905 0.2177333333333333 0.09875000000000002