7 0.9110909090909092 0.033169398907103825 0.034909090909090994 0.047158469945355205
7 0.6090909090909091 0.12191256830601092 0.1451636363636364 0.24191256830601093
7 0.42600000000000005 0.047103825136612015 0.0366545454545454 0.057759562841530054
5 0.8859272727272727 0.3348087431693989 0.15800000000000006 0.40316939890710385
7 0.23879999999999996 0.4172677595628415 0.07803636363636356 0.2114207650273224
2 0.7188000000000001 0.5414754098360656 0.11712727272727286 0.22393442622950815
2 0.5051272727272728 0.6397814207650273 0.20763636363636373 0.3573224043715848
10 0.31858181818181824 0.8340983606557376 0.38552727272727266 0.3318032786885247
10 0.34789090909090903 0.5975409836065574 0.09723636363636368 0.18081967213114755
8 0.16029090909090912 0.7334426229508196 0.32058181818181825 0.5331147540983606
5 0.6776363636363636 0.31131147540983606 0.06469090909090916 0.1662841530054645
2 0.609709090909091 0.5970491803278689 0.10105454545454533 0.1510928961748634
2 0.4706545454545455 0.4853551912568306 0.11385454545454546 0.18650273224043715
2 0.7028363636363636 0.4278142076502733 0.08778181818181813 0.07142076502732236
10 0.5924727272727273 0.5121857923497268 0.1890909090909091 0.21721311475409835