2 0.12926640926640923 0.8635384615384615 0.24930501930501928 0.25656410256410245
2 0.8055984555984557 0.6423076923076924 0.2435135135135135 0.3140512820512821
10 0.46100386100386104 0.5097435897435898 0.09687258687258683 0.0774358974358974
10 0.4795752895752896 0.7629230769230769 0.2541312741312742 0.20205128205128192
10 0.5578378378378378 0.7011794871794871 0.2777220077220077 0.2608717948717949
10 0.3873745173745174 0.6954871794871795 0.14694980694980697 0.15830769230769234
10 0.9239768339768339 0.5069230769230769 0.15200772200772203 0.14769230769230776
2 0.8699227799227799 0.4831282051282051 0.07386100386100385 0.06979487179487172
2 0.5639382239382239 0.534923076923077 0.18262548262548267 0.15630769230769226
2 0.0971042471042471 0.7092307692307693 0.1928185328185328 0.13076923076923078
8 0.2508108108108108 0.5520512820512821 0.4143629343629343 0.22471794871794867
7 0.4945945945945946 0.15589743589743588 0.026795366795366787 0.05917948717948719
7 0.24154440154440154 0.11646153846153846 0.061196911196911175 0.05441025641025641
7 0.6976061776061776 0.09887179487179487 0.055328185328185266 0.047743589743589755
7 0.8334362934362934 0.21194871794871795 0.026679536679536778 0.023076923076923078
7 0.9135135135135135 0.22810256410256408 0.023822393822393883 0.021230769230769234
7 0.9647490347490347 0.24902564102564104 0.07050193050193047 0.17702564102564108
7 0.771969111969112 0.24420512820512819 0.05818532818532816 0.04210256410256407
0 0.7640926640926641 0.34589743589743593 0.06818532818532828 0.05169230769230772
4 0.7691119691119691 0.4118974358974359 0.08675675675675686 0.052666666666666716
8 0.9595309158907792 0.6106362736802495 0.9425732726574486 0.6948005589258601 0.56089696984045 1 1 0.9988794568351422 1 0.6092783607328419 0.9595309158907792 0.6106362736802495
10 0.6447104247104247 0.4636923076923077 0.16115830115830118 0.12394871794871788