7 0.4948632218844985 0.15633986928104576 0.17823708206686925 0.3105882352941177
7 0.4775075987841945 0.4297385620915033 0.0740425531914894 0.14163398692810464
7 0.33714285714285713 0.3119607843137255 0.053829787234042574 0.13633986928104574
7 0.25346504559270516 0.2912418300653595 0.0456838905775076 0.13215686274509802
7 0.5587841945288754 0.4899346405228758 0.031094224924012214 0.10013071895424833
7 0.5609726443768998 0.6170588235294118 0.03255319148936164 0.061830065359477174
7 0.9116413373860183 0.35294117647058826 0.05072948328267494 0.12496732026143793
7 0.9200911854103343 0.5543137254901961 0.05893617021276592 0.09189542483660132
7 0.7688753799392097 0.4069281045751634 0.04887537993920968 0.12084967320261435
1 0.6225227963525836 0.8444444444444443 0.4551671732522796 0.31111111111111117
7 0.6453799392097265 0.4494771241830065 0.056626139817629165 0.09385620915032675
5 0.06990881458966565 0.6535947712418301 0.1398176291793313 0.6928104575163399