6 0.3028624535315985 0.10952127659574466 0.33959107806691435 0.2052127659574468
0 0.49832713754646846 0.5173936170212766 0.17174721189591075 0.18180851063829792
2 0.11769516728624534 0.6849468085106384 0.1729739776951674 0.18585106382978722
8 0.14338289962825276 0.8654255319148936 0.2867657992565055 0.26909574468085123
10 0.28873605947955383 0.8218617021276595 0.2508178438661709 0.13271276595744674
4 0.5114126394052044 0.6789893617021276 0.3025278810408922 0.08340425531914897
5 0.9738289962825278 0.5263297872340426 0.052304832713754724 0.4832978723404254
7 0.9209293680297398 0.020319148936170213 0.0452416356877324 0.04058510638297872
7 0.9846096654275094 0.11191489361702127 0.021152416356877528 0.05053191489361702
7 0.8397026022304832 0.11191489361702127 0.02594795539033464 0.038670212765957425
7 0.7746840148698885 0.05627659574468085 0.044498141263940624 0.027819148936170216
7 0.5626765799256506 0.08680851063829788 0.022379182156133763 0.0297872340425532
7 0.02684014869888486 0.09664893617021278 0.032527881040892194 0.037712765957446825
7 0.23639405204460967 0.16808510638297874 0.03553903345724908 0.04462765957446809