10 0.08662207357859532 0.9254761904761905 0.1499665551839465 0.14583333333333334
8 0.5859866220735787 0.8095833333333333 0.8255852842809364 0.38083333333333336
7 0.16655518394648827 0.4033333333333334 0.06789297658862875 0.07773809523809525
7 0.16127090301003344 0.20017857142857146 0.06434782608695651 0.10374999999999998
7 0.2249163879598662 0.23410714285714285 0.030100334448160536 0.09017857142857144
7 0.3325752508361204 0.24244047619047618 0.033779264214046804 0.09434523809523807
7 0.39387959866220734 0.25029761904761905 0.040234113712374585 0.10375000000000004
7 0.4762876254180602 0.2905357142857143 0.03959866220735778 0.09023809523809521
7 0.5378929765886288 0.28946428571428573 0.021973244147157168 0.07559523809523812
7 0.5789632107023411 0.29470238095238094 0.03371237458193974 0.09857142857142859
7 0.6472909698996655 0.32130952380952377 0.03307692307692303 0.08291666666666662
7 0.7320735785953176 0.26125 0.04421404682274257 0.06928571428571428
7 0.7385284280936455 0.4357142857142857 0.04304347826086958 0.05482142857142862