10 0.2032258064516129 0.8742331288343558 0.4064516129032258 0.25153374233128833
2 0.5966451612903226 0.6001840490797546 0.09293548387096776 0.1934355828220859
5 0.8229032258064515 0.509079754601227 0.04593548387096768 0.1806748466257668
0 0.9498709677419355 0.5057055214723927 0.07464516129032253 0.22650306748466267
7 0.5543870967741936 0.11361963190184049 0.08219354838709683 0.19607361963190184
2 0.7138709677419355 0.6162576687116564 0.09196774193548383 0.2080368098159509
10 0.6580645161290323 0.6498159509202454 0.029903225806451553 0.10576687116564423
10 0.6099677419354839 0.7935582822085889 0.2076451612903226 0.21202453987730063
8 0.5500645161290323 0.728282208588957 0.08780645161290312 0.22171779141104303
7 0.3416774193548387 0.23049079754601226 0.04370967741935487 0.28963190184049076
7 0.2664193548387097 0.24852760736196317 0.05903225806451617 0.2964417177914111
7 0.2526129032258065 0.28791411042944787 0.02525806451612898 0.03055214723926383
7 0.028387096774193585 0.3040490797546012 0.031322580645161406 0.0685276073619632
7 0.055516129032258 0.3741717791411043 0.032354838709677335 0.05693251533742332
7 0.4707096774193548 0.2884049079754601 0.031483870967741905 0.06073619631901844
7 0.19322580645161283 0.2426993865030675 0.039580645161290354 0.2614110429447853
2 0.40390322580645166 0.8758895705521473 0.12512903225806457 0.2482208588957054
2 0.27487096774193553 0.9022085889570552 0.11893548387096775 0.19558282208588953
2 0.151258064516129 0.9080368098159509 0.1173548387096774 0.18392638036809827
2 0.03661290322580652 0.9036196319018405 0.07322580645161304 0.19269938650306764
2 0.07087096774193558 0.8358895705521472 0.07822580645161291 0.13901840490797562
5 0.4074838709677419 0.6220858895705522 0.025806451612903226 0.2898773006134969