10 0.35240000000000005 0.7352 0.2749777777777778 0.31284444444444437
10 0.20871111111111113 0.8782666666666668 0.36675555555555556 0.24346666666666655
10 0.6189777777777778 0.7455555555555555 0.25817777777777773 0.33951111111111104
10 0.3222666666666667 0.7836 0.21075555555555553 0.23186666666666675
2 0.03902222222222222 0.8364444444444444 0.07804444444444444 0.2724000000000001
2 0.12475555555555555 0.7850666666666666 0.14355555555555555 0.2960444444444445
2 0.23386666666666667 0.640311111111111 0.09715555555555555 0.2060888888888889
10 0.45013333333333333 0.46986666666666665 0.1031555555555556 0.12
10 0.12444444444444444 0.6511111111111111 0.24888888888888888 0.2
10 0.28373333333333334 0.5686666666666667 0.13373333333333334 0.13982222222222226
10 0.4713777777777778 0.5336 0.07555555555555556 0.09928888888888884
7 0.5814666666666667 0.1848888888888889 0.045955555555555506 0.16035555555555556
7 0.5192444444444444 0.20857777777777778 0.023199999999999995 0.07737777777777777
7 0.5059111111111111 0.2204 0.014311111111111106 0.05368888888888888
7 0.5098666666666667 0.2831555555555556 0.057777777777777775 0.030977777777777805
7 0.5582666666666667 0.2510222222222222 0.02417777777777783 0.03195555555555554
7 0.5212444444444444 0.25204444444444446 0.027155555555555617 0.022088888888888884
7 0.6634222222222222 0.21497777777777777 0.06266666666666677 0.06057777777777776
10 0.34942222222222225 0.4348 0.09831111111111113 0.09133333333333338