6 0.6768227424749164 0.11541666666666667 0.18026755852842802 0.22327380952380946
7 0.8461204013377926 0.034583333333333334 0.032775919732441414 0.044583333333333336
7 0.5335117056856188 0.8058333333333333 0.09103678929765877 0.32863095238095225
10 0.5033444816053512 0.9315476190476191 0.1505016722408027 0.13690476190476192
8 0.6672240802675585 0.8422619047619048 0.2709030100334448 0.31547619047619047
2 0.342809364548495 0.8809523809523809 0.26421404682274247 0.23809523809523808
2 0.19270903010033447 0.8420238095238096 0.11926421404682264 0.3159523809523809
10 0.4591638795986622 0.8207738095238094 0.18230769230769228 0.12095238095238091
7 0.17481605351170573 0.473452380952381 0.034648829431438176 0.15184523809523803
3 0.37287625418060205 0.4145238095238095 0.12943143812709026 0.2007142857142857
7 0.5535117056856187 0.5136904761904761 0.019364548494983345 0.11535714285714282
7 0.5341137123745819 0.5161309523809523 0.01662207357859541 0.09101190476190471