8 0.6735272727272728 0.4997267759562842 0.26127272727272716 0.18076502732240443
2 0.8909090909090909 0.7486338797814208 0.21818181818181817 0.4918032786885246
2 0.6875272727272727 0.6292349726775956 0.17963636363636357 0.2901639344262296
10 0.5038545454545454 0.7423497267759562 0.22549090909090905 0.28639344262295097
2 0.3093090909090909 0.6311475409836066 0.1858545454545455 0.31699453551912565
2 0.1440727272727273 0.75775956284153 0.2645090909090909 0.47819672131147534
3 0.4508727272727273 0.3530054644808743 0.04047272727272726 0.08284153005464479
10 0.43687272727272725 0.5093442622950819 0.16040000000000004 0.23448087431693987
10 0.8074545454545455 0.5222404371584699 0.08014545454545441 0.09737704918032783
10 0.9422545454545455 0.5612021857923497 0.11545454545454545 0.6487978142076503
10 0.07479999999999998 0.5808196721311476 0.14959999999999996 0.4291803278688524