8 0.18135849056603776 0.8162631578947369 0.3626792452830189 0.31284210526315787
10 0.35766037735849054 0.7464736842105264 0.12049056603773588 0.18099999999999994
8 0.6315849056603774 0.8250526315789474 0.4447547169811321 0.34989473684210537
7 0.6573584905660377 0.43394736842105264 0.034528301886792366 0.07647368421052632
7 0.5295094339622641 0.20389473684210527 0.06392452830188679 0.0724736842105263
7 0.6678490566037736 0.16489473684210526 0.0618867924528301 0.07631578947368421
7 0.8152830188679245 0.12978947368421054 0.090377358490566 0.06463157894736843
7 0.9919622641509435 0.0878421052631579 0.016075471698113172 0.06263157894736841
7 0.5218490566037736 0.277 0.031773584905660436 0.03152631578947366
7 0.651433962264151 0.2574736842105263 0.018452830188679194 0.03931578947368421
2 0.5892452830188679 0.590421052631579 0.038792452830188576 0.07952631578947375
2 0.6895094339622642 0.5928947368421053 0.06890566037735846 0.10194736842105266
10 0.660188679245283 0.6041052631578947 0.10241509433962259 0.11852631578947374
2 0.6175471698113207 0.6172631578947368 0.06388679245283022 0.11557894736842102
2 0.7069811320754716 0.6162631578947368 0.07588679245283024 0.10194736842105266
10 0.42577358490566036 0.9726842105263158 0.19803773584905657 0.054578947368421074