1 0.3735272727272727 0.7443715846994535 0.45221818181818185 0.47147540983606573
7 0.5016363636363635 0.1124590163934426 0.19130909090909096 0.22366120218579238
5 0.9309818181818181 0.4961748633879781 0.13803636363636365 0.6078688524590163
7 0.7445818181818181 0.19245901639344262 0.06101818181818172 0.09748633879781422
7 0.6560363636363636 0.21573770491803276 0.05629090909090895 0.10765027322404373
7 0.5220727272727272 0.2896174863387978 0.08989090909090919 0.08540983606557374
7 0.4439636363636364 0.32907103825136613 0.027927272727272752 0.030765027322404347
7 0.44530909090909093 0.4140983606557377 0.033309090909091 0.04295081967213122
7 0.3547272727272728 0.30278688524590164 0.04876363636363645 0.06311475409836063
7 0.2449818181818182 0.2769398907103825 0.042000000000000044 0.04185792349726774
7 0.0925090909090909 0.23344262295081966 0.06010909090909081 0.06409836065573772
7 0.07567272727272728 0.38579234972677595 0.06952727272727274 0.07131147540983612