8 0.3533090909090909 0.646358695652174 0.18650909090909087 0.22668478260869562
7 0.3159636363636364 0.07065217391304347 0.022072727272727247 0.030760869565217393
7 0.7838545454545455 0.06684782608695652 0.02763636363636372 0.02309782608695652
7 0.8326545454545454 0.2013586956521739 0.05465454545454536 0.07467391304347826
7 0.30163636363636365 0.1979891304347826 0.02781818181818184 0.07375000000000002
6 0.5395272727272727 0.11266304347826087 0.2050545454545454 0.09179347826086957
10 0.28570909090909086 0.6963586956521739 0.2184 0.16081521739130428
8 0.18181818181818182 0.7880434782608695 0.36363636363636365 0.42391304347826086
2 0.6243636363636363 0.7860869565217391 0.2790181818181819 0.35173913043478267
7 0.2946181818181818 0.5566847826086957 0.04058181818181817 0.17326086956521736
2 0.5318909090909091 0.5910326086956522 0.10938181818181812 0.18472826086956526
10 0.5414545454545455 0.6601630434782608 0.12850909090909082 0.13418478260869565
10 0.8112363636363636 0.6353804347826086 0.21643636363636357 0.33635869565217386
10 0.9139636363636364 0.7846195652173913 0.06970909090909097 0.148586956521739
5 0.6868727272727272 0.4351086956521739 0.03661818181818179 0.3667934782608696