6 0.6559272727272727 0.27054644808743167 0.13549090909090905 0.19404371584699456
7 0.7643636363636364 0.03032786885245901 0.06912727272727269 0.060601092896174866
7 0.7682181818181818 0.22786885245901642 0.05381818181818186 0.033879781420765046
7 0.5561454545454545 0.19765027322404372 0.03156363636363639 0.03672131147540983
7 0.5156363636363637 0.1377049180327869 0.030945454545454512 0.04918032786885246
10 0.5430545454545455 0.7807103825136612 0.16232727272727268 0.1790163934426229
8 0.4059272727272727 0.7030601092896175 0.21905454545454547 0.2653005464480875
8 0.6393454545454546 0.6541530054644809 0.2401090909090908 0.19043715846994533
5 0.6677454545454545 0.48442622950819675 0.07105454545454552 0.2075956284153006
5 0.7937090909090909 0.5150819672131148 0.05890909090909087 0.2920218579234973
5 0.7321818181818182 0.4920765027322404 0.06799999999999996 0.22295081967213107
2 0.49818181818181817 0.912568306010929 0.4727272727272727 0.17486338797814208