10 0.7967741935483871 0.8742331288343558 0.4064516129032258 0.25153374233128833
2 0.4033548387096774 0.6001840490797546 0.0929354838709677 0.1934355828220859
5 0.17709677419354838 0.509079754601227 0.04593548387096773 0.1806748466257668
0 0.05012903225806451 0.5057055214723927 0.07464516129032259 0.22650306748466262
7 0.44561290322580643 0.11361963190184049 0.08219354838709679 0.19607361963190184
2 0.2861290322580645 0.6162576687116564 0.09196774193548383 0.2080368098159509
10 0.3419354838709677 0.6498159509202454 0.029903225806451647 0.10576687116564423
10 0.39003225806451614 0.7935582822085889 0.2076451612903226 0.21202453987730063
8 0.4499354838709677 0.728282208588957 0.08780645161290318 0.22171779141104303
7 0.6583225806451614 0.23049079754601226 0.04370967741935487 0.28963190184049076
7 0.7335806451612903 0.24852760736196317 0.05903225806451617 0.2964417177914111
7 0.7473870967741936 0.28791411042944787 0.02525806451612898 0.03055214723926383
7 0.9716129032258064 0.3040490797546012 0.031322580645161406 0.0685276073619632
7 0.944483870967742 0.3741717791411043 0.032354838709677335 0.05693251533742327
7 0.5292903225806452 0.2884049079754601 0.031483870967741905 0.06073619631901844
7 0.8067741935483872 0.2426993865030675 0.039580645161290354 0.2614110429447853
2 0.5960967741935483 0.8758895705521473 0.12512903225806457 0.24822085889570547
2 0.7251290322580645 0.9022085889570552 0.11893548387096775 0.19558282208588953
2 0.848741935483871 0.9080368098159509 0.1173548387096774 0.18392638036809827
2 0.9633870967741934 0.9036196319018405 0.07322580645161304 0.19269938650306764
2 0.9291290322580644 0.8358895705521472 0.07822580645161291 0.13901840490797554
5 0.592516129032258 0.6220858895705522 0.025806451612903226 0.2898773006134969