8 0.5077622377622377 0.42210227272727274 0.2840559440559441 0.18892045454545456
10 0.34692307692307695 0.4268181818181818 0.025279720279720343 0.14159090909090918
8 0.5054195804195805 0.7773295454545455 0.2887062937062937 0.1834659090909092
8 0.833916083916084 0.7897727272727273 0.3321678321678322 0.19318181818181818
7 0.993006993006993 0.6903409090909091 0.013986013986013986 0.08522727272727272
10 0.1814335664335664 0.8261363636363637 0.12545454545454543 0.11624999999999988
8 0.16426573426573424 0.7408522727272726 0.32412587412587407 0.1957386363636363
2 0.8412937062937064 0.46710227272727267 0.10996503496503503 0.12551136363636364
8 0.8284965034965035 0.41500000000000004 0.30339160839160834 0.203125
7 0.2193006993006993 0.26198863636363634 0.05671328671328661 0.0960227272727273
8 0.15548951048951037 0.41312499999999996 0.3016433566433567 0.22210227272727276
10 0.9912587412587412 0.4346590909090909 0.017482517482517484 0.09659090909090909