0 0.7316475095785441 0.5846113989637306 0.10808429118773938 0.13108808290155446
8 0.5897318007662835 0.7833160621761658 0.39475095785440617 0.2636269430051813
8 0.14636015325670498 0.6911917098445596 0.2572796934865901 0.30963730569948184
10 0.0842911877394636 0.805699481865285 0.1685823754789272 0.26424870466321243
10 0.400727969348659 0.6758031088082902 0.09758620689655172 0.11766839378238339
10 0.502183908045977 0.6801036269430051 0.1677777777777778 0.08601036269430057
8 0.3875862068965517 0.6460621761658031 0.21180076628352495 0.1157512953367875
7 0.1850574712643678 0.566839378238342 0.05793103448275864 0.06673575129533676
7 0.46348659003831416 0.22041450777202073 0.17628352490421453 0.28347150259067355
7 0.6050191570881226 0.39984455958549225 0.05494252873563209 0.06663212435233153
7 0.9611877394636016 0.21896373056994817 0.0776245210727969 0.136580310880829