2 0.3252363636363636 0.6627322404371585 0.12476363636363637 0.15584699453551912
8 0.5 0.8973770491803279 1 0.20524590163934428
6 0.4853090909090909 0.09021857923497267 0.21527272727272723 0.17273224043715846
7 0.4834181818181818 0.19568306010928962 0.05072727272727268 0.0730601092896175
7 0.6259636363636363 0.13863387978142078 0.04876363636363645 0.05672131147540985
7 0.7487636363636363 0.19759562841530054 0.0608363636363637 0.04240437158469948
7 0.1948 0.18131147540983605 0.051454545454545475 0.06732240437158472
7 0.2825090909090909 0.18945355191256832 0.044872727272727286 0.05486338797814205
10 0.2892363636363637 0.747103825136612 0.06810909090909087 0.1405464480874316
3 0.2768 0.6622404371584699 0.047054545454545446 0.06857923497267766
8 0.8292 0.7289071038251366 0.3416 0.3112568306010929
2 0.17530909090909091 0.7600546448087432 0.19243636363636366 0.24125683060109285
5 0.2864363636363636 0.4950819672131147 0.06603636363636363 0.2644808743169399