2 0.41849498327759194 0.7477380952380953 0.16107023411371232 0.30875
10 0.6220401337792643 0.8044047619047618 0.1712040133779264 0.24071428571428571
1 0.3810702341137124 0.5922619047619048 0.29638795986622074 0.2642261904761904
7 0.34494983277591973 0.4676785714285714 0.04859531772575251 0.12285714285714278
10 0.051237458193979936 0.6976190476190477 0.10244147157190633 0.26523809523809533
7 0.08327759197324414 0.2808333333333333 0.11451505016722406 0.19125000000000006
8 0.7498996655518395 0.665 0.35207357859531774 0.2736904761904762
10 0.8678929765886287 0.8988095238095238 0.26421404682274247 0.20238095238095238
7 0.5591304347826087 0.2798809523809524 0.024648829431438143 0.15535714285714292
7 0.9708695652173914 0.2557738095238095 0.05822742474916377 0.11279761904761906
7 0.40237458193979936 0.2645238095238095 0.047357859531772566 0.10529761904761903