6 0.4502702702702703 0.14623711340206183 0.20413127413127416 0.21608247422680413
7 0.44061776061776065 0.2111340206185567 0.1118918918918919 0.10536082474226803
7 0.6025482625482625 0.17340206185567011 0.03679536679536669 0.024175257731958753
7 0.9227799227799228 0.01804123711340206 0.03088803088803089 0.03608247422680412
2 0.17733590733590732 0.8441237113402061 0.35463320463320464 0.3117525773195877
7 0.03667953667953668 0.6108247422680413 0.07335907335907337 0.14948453608247422
8 0.33660231660231665 0.6532474226804124 0.23416988416988418 0.19917525773195885
8 0.7233976833976834 0.8025773195876288 0.4250579150579152 0.3947938144329898
10 0.4796138996138996 0.7434536082474227 0.24339768339768342 0.16773195876288663
7 0.25764478764478765 0.4844329896907217 0.05675675675675674 0.18180412371134025
2 0.6175289575289575 0.6427319587628866 0.1525868725868725 0.13231958762886606
7 0.13822393822393822 0.3935051546391753 0.09054054054054055 0.2524742268041237