8 0.4922377622377622 0.42210227272727274 0.2840559440559441 0.18892045454545456
10 0.6530769230769231 0.4268181818181818 0.025279720279720343 0.14159090909090913
8 0.49458041958041954 0.7773295454545455 0.2887062937062937 0.18346590909090912
8 0.1660839160839161 0.7897727272727273 0.3321678321678322 0.19318181818181818
7 0.006993006993006993 0.6903409090909091 0.013986013986013986 0.08522727272727272
10 0.8185664335664337 0.8261363636363637 0.12545454545454543 0.11624999999999988
8 0.8357342657342658 0.7408522727272726 0.32412587412587407 0.1957386363636363
2 0.15870629370629372 0.46710227272727267 0.10996503496503497 0.12551136363636364
8 0.1715034965034965 0.41500000000000004 0.30339160839160845 0.203125
7 0.7806993006993007 0.26198863636363634 0.05671328671328661 0.0960227272727273
8 0.8445104895104896 0.41312499999999996 0.3016433566433567 0.22210227272727276
10 0.008741258741258742 0.4346590909090909 0.017482517482517484 0.09659090909090909