10 0.02982758620689656 0.8237356321839081 0.058482758620689655 0.352471264367816
8 0.13993103448275862 0.7935632183908047 0.27986206896551724 0.4128160919540229
10 0.2904137931034483 0.7230459770114943 0.03755172413793099 0.12804597701149417
2 0.36882758620689654 0.6118965517241379 0.12962068965517243 0.30810344827586217
2 0.5894827586206897 0.5970689655172414 0.129551724137931 0.2726436781609195
10 0.47455172413793106 0.6851724137931035 0.07903448275862074 0.13856321839080468
10 0.5825862068965517 0.7508045977011494 0.13644827586206895 0.20660919540229877
10 0.8549655172413793 0.8729885057471265 0.1639310344827586 0.22683908045976994
7 0.509896551724138 0.12132183908045976 0.08417241379310353 0.24264367816091953
10 0.678 0.691896551724138 0.030689655172413715 0.11747126436781616
8 0.8242068965517242 0.7336206896551725 0.2782758620689655 0.3675862068965517
7 0.9563103448275861 0.7101724137931034 0.08734482758620704 0.4643678160919541