8 0.13711111111111107 0.35875555555555555 0.2363555555555556 0.12884444444444448
6 0.7864 0.08506666666666667 0.14080000000000004 0.11484444444444446
6 0.2556444444444445 0.07715555555555555 0.33119999999999994 0.14644444444444446
6 0.7503555555555554 0.5756 0.13586666666666664 0.09440000000000004
6 0.24871111111111113 0.5909333333333334 0.30946666666666667 0.14279999999999998
1 0.6654222222222222 0.8290222222222222 0.30568888888888895 0.2635111111111112
10 0.7108444444444444 0.7687111111111111 0.05768888888888897 0.03622222222222212
10 0.0985777777777778 0.9485333333333332 0.10008888888888881 0.05213333333333341
10 0.6688888888888889 0.36466666666666664 0.11511111111111101 0.09328888888888894
2 0.5419555555555555 0.36217777777777777 0.06666666666666667 0.10613333333333332
10 0.9389333333333333 0.3854222222222222 0.07537777777777768 0.20591111111111104
10 0.8214222222222222 0.30737777777777775 0.07662222222222226 0.06164444444444447
10 0.20968888888888892 0.4427111111111111 0.12084444444444443 0.08342222222222227
10 0.15484444444444445 0.4111111111111111 0.13097777777777764 0.07946666666666664
1 0.2606666666666667 0.9219999999999999 0.281288888888889 0.11462222222222232
2 0.5854666666666668 0.24697777777777777 0.06408888888888876 0.07137777777777779
2 0.6166222222222223 0.31880000000000003 0.06559999999999996 0.08471111111111113
10 0.4298666666666667 0.9402666666666667 0.06404444444444456 0.050266666666666675
10 0.5671555555555555 0.32555555555555554 0.08466666666666665 0.04097777777777777
10 0.6872444444444444 0.30217777777777777 0.0636 0.03342222222222227
3 0.08160000000000006 0.9134222222222222 0.04244444444444449 0.03595555555555544
2 0.537511111111111 0.2677777777777778 0.0650666666666666 0.0889333333333333