10 0.9701724137931035 0.8237356321839081 0.05848275862068978 0.352471264367816
8 0.8600689655172414 0.7935632183908047 0.27986206896551713 0.4128160919540229
10 0.7095862068965517 0.7230459770114943 0.03755172413793099 0.1280459770114941
2 0.6311724137931035 0.6118965517241379 0.1296206896551725 0.30810344827586217
2 0.4105172413793104 0.5970689655172414 0.129551724137931 0.2726436781609195
10 0.525448275862069 0.6851724137931035 0.07903448275862074 0.13856321839080468
10 0.41741379310344834 0.7508045977011494 0.13644827586206895 0.20660919540229877
10 0.1450344827586207 0.8729885057471265 0.1639310344827586 0.22683908045976994
7 0.49010344827586205 0.12132183908045976 0.08417241379310353 0.24264367816091953
10 0.322 0.691896551724138 0.030689655172413715 0.11747126436781608
8 0.17579310344827584 0.7336206896551725 0.2782758620689655 0.3675862068965516
7 0.04368965517241385 0.7101724137931034 0.08734482758620704 0.4643678160919541