6 0.23929032258064517 0.15791411042944783 0.18567741935483872 0.30226993865030677
6 0.783483870967742 0.1496319018404908 0.1435161290322581 0.19803680981595093
6 0.6286129032258064 0.8451533742331288 0.23006451612903223 0.2685889570552146
6 0.912741935483871 0.8773006134969326 0.10403225806451613 0.20822085889570552
0 0.05064516129032258 0.6703067484662577 0.08796774193548389 0.26361963190184046
10 0.24158064516129032 0.9357668711656442 0.11348387096774196 0.12846625766871164
2 0.2331290322580645 0.7939877300613496 0.08738709677419355 0.16042944785276067
8 0.3974516129032258 0.884601226993865 0.1825483870967742 0.22478527607361956
7 0.45645161290322583 0.6993865030674846 0.04838709677419355 0.6012269938650306
4 0.05861290322580646 0.9065644171779141 0.11722580645161292 0.18687116564417167
7 0.9716774193548388 0.4588343558282209 0.0566129032258063 0.16496932515337429
7 0.7462580645161291 0.4570552147239264 0.04477419354838708 0.11944785276073619
10 0.9689354838709677 0.6032515337423313 0.06212903225806449 0.11779141104294472
10 0.728774193548387 0.5332515337423313 0.05093548387096781 0.030184049079754523
1 0.7817096774193549 0.5323926380368098 0.33712903225806456 0.23858895705521463