6 0.565185546875 0.0927734375 0.23681640625 0.1513671875
7 0.257568359375 0.220947265625 0.01708984375 0.02197265625
7 0.47119140625 0.228271484375 0.01953125 0.03173828125
7 0.625 0.235595703125 0.029296875 0.02685546875
7 0.15380859375 0.181884765625 0.01953125 0.00732421875
10 0.462646484375 0.751953125 0.23193359375 0.234375
7 0.181884765625 0.509033203125 0.07080078125 0.10986328125
8 0.31982421875 0.65673828125 0.30517578125 0.57373046875 0.13427734375000028 0.5273437500000001 0 0.5712890625000001 0.0048828125 0.7934570312500001 0.26123046875 0.8642578125 0.31982421875 0.65673828125
10 0.05126953125 0.91552734375 0.1025390625 0.15625
4 0.860107421875 0.692138671875 0.27978515625 0.24658203125
0 0.906494140625 0.46142578125 0.18701171875 0.205078125
7 0.076904296875 0.15380859375 0.14404296875 0.1513671875
7 0.89306640625 0.1513671875 0.2138671875 0.13671875
2 0.374755859375 0.58349609375 0.15869140625 0.1904296875
2 0.576171875 0.5859375 0.1513671875 0.2001953125