8 0.7855374592833877 0.4774390243902439 0.3937459283387623 0.41292682926829266
8 0.2530944625407166 0.5065243902439024 0.46592833876221484 0.42451219512195126
10 0.443843648208469 0.7262804878048781 0.30781758957654726 0.4110975609756097
2 0.5053094462540716 0.37676829268292683 0.11296416938110751 0.3276219512195122
2 0.6381758957654724 0.29103658536585364 0.07465798045602592 0.1387804878048781
2 0.9664495114006514 0.39414634146341465 0.06710097719869715 0.2114634146341464
7 0.48853420195439734 0.04365853658536586 0.09742671009771996 0.08731707317073172
2 0.024332247557003348 0.8213414634146341 0.048664495114006695 0.35731707317073186
10 0.9628338762214983 0.2958536585365854 0.07433224755700342 0.06713414634146345
7 0.8956351791530944 0.18695121951219512 0.06811074918566765 0.07579268292682927
2 0.8661563517915308 0.22859756097560976 0.05905537459283386 0.07774390243902439
10 0.9269055374592834 0.2295731707317073 0.08931596091205199 0.09134146341463417