6 0.27933085501858734 0.3356149732620321 0.25602230483271377 0.16834224598930483
6 0.6356505576208179 0.1713903743315508 0.4169516728624535 0.27898395721925134
2 0.7559851301115242 0.8818181818181818 0.1449814126394052 0.23631016042780748
10 0.8645724907063197 0.8987165775401069 0.1782156133828995 0.20256684491978608
10 0.7276208178438661 0.8348663101604278 0.13914498141263942 0.10860962566844921
10 0.29531598513011154 0.8475401069518717 0.1666914498141264 0.09454545454545459
10 0.07654275092936803 0.780427807486631 0.08691449814126395 0.05598930481283437
10 0.395724907063197 0.7743315508021391 0.04665427509293685 0.10572192513368975
10 0.6324163568773234 0.7480748663101604 0.10527881040892191 0.13197860962566849
2 0.48933085501858736 0.8184491978609626 0.13791821561338294 0.19401069518716563
2 0.1062081784386617 0.9015508021390375 0.18762081784386617 0.1968983957219251
7 0.07750929368029741 0.6898930481283422 0.07546468401486987 0.1282352941176471
8 0.24788104089219334 0.7603208556149733 0.24386617100371746 0.11636363636363632
10 0.7595910780669145 0.7774331550802139 0.040334572490706405 0.06417112299465241