2 0.9551245551601423 0.1824581005586592 0.06975088967971538 0.19245810055865922
2 0.3337010676156584 0.26430167597765364 0.0876512455516014 0.11502793296089388
2 0.8440213523131673 0.48055865921787705 0.2694661921708186 0.32988826815642447
2 0.18604982206405693 0.6932960893854748 0.3699644128113878 0.5437430167597764
2 0.8287544483985765 0.23201117318435754 0.25135231316725976 0.25033519553072625
8 0.44516014234875445 0.4883798882681564 0.44537366548042717 0.3181005586592179
2 0.39334519572953736 0.2775418994413408 0.1070106761565836 0.08860335195530726
2 0.5640569395017794 0.2310055865921788 0.08398576512455525 0.1424581005586592
2 0.468220640569395 0.21284916201117318 0.03213523131672588 0.13558659217877092
2 0.22633451957295372 0.3305027932960894 0.11508896797153016 0.1827374301675978
5 0.7859786476868328 0.12368715083798883 0.10839857651245564 0.24731843575419
10 0.5162989323843417 0.2422905027932961 0.0558718861209964 0.08854748603351952