10 0.7684709920727845 0.7944120445350228 0.7292030805413342 0.6242203621485652 0.5543673506665061 0.5635773787340687 0.4001005553643797 0.7102943463086011 0.41152260520241485 0.8836754605916939 0.6338381525363832 1 0.7684709920727845 0.7944120445350228
8 0.36604938271604937 0.648 0.34672839506172837 0.4963225806451613
7 0.5138271604938272 0.34819354838709676 0.04185185185185186 0.1490322580645161
8 0.9260185185185185 0.7468387096774194 0.14796296296296313 0.5063225806451612
2 0.13416666666666666 0.4220645161290323 0.05132716049382715 0.1969677419354839
2 0.19401234567901235 0.41961290322580647 0.07000000000000002 0.22141935483870964
7 0.376820987654321 0.2631612903225806 0.02037037037037035 0.13135483870967743
7 0.33098765432098765 0.2611612903225806 0.02413580246913578 0.10400000000000002
7 0.34969135802469137 0.26806451612903226 0.028240740740740757 0.1294193548387097
2 0.3974074074074074 0.36529032258064514 0.07314814814814811 0.09522580645161294
2 0.2795679012345679 0.3878064516129032 0.0787037037037037 0.15200000000000002
10 0.21200617283950618 0.43329032258064515 0.10999999999999999 0.2136129032258065
7 0.9712654320987655 0.37135483870967745 0.057438271604938314 0.21529032258064518
7 0.22629629629629627 0.13606451612903225 0.08219135802469134 0.17909677419354839
10 0.33509259259259255 0.3703870967741935 0.035679012345679016 0.0826451612903226