6 0.6971375464684015 0.10952127659574466 0.33959107806691435 0.2052127659574468
0 0.5016728624535316 0.5173936170212766 0.17174721189591075 0.18180851063829792
2 0.8823048327137547 0.6849468085106384 0.1729739776951674 0.18585106382978722
8 0.8566171003717472 0.8654255319148936 0.2867657992565055 0.26909574468085123
10 0.7112639405204462 0.8218617021276595 0.2508178438661709 0.13271276595744674
4 0.48858736059479557 0.6789893617021276 0.3025278810408922 0.08340425531914897
5 0.026171003717472115 0.5263297872340426 0.05230483271375465 0.4832978723404254
7 0.07907063197026022 0.020319148936170213 0.045241635687732346 0.04058510638297872
7 0.015390334572490704 0.11191489361702127 0.021152416356877323 0.05053191489361702
7 0.1602973977695167 0.11191489361702127 0.025947955390334586 0.038670212765957425
7 0.22531598513011153 0.05627659574468085 0.04449814126394051 0.027819148936170216
7 0.43732342007434943 0.08680851063829788 0.022379182156133867 0.0297872340425532
7 0.9731598513011152 0.09664893617021278 0.032527881040892194 0.03771276595744682
7 0.7636059479553903 0.16808510638297874 0.03553903345724908 0.04462765957446809