2 0.07997549019607844 0.4687704248366013 0.1150183823529412 0.1913521241830066
10 0.4915073529411765 0.8038480392156863 0.3731954656862745 0.25693627450980383
10 0.19639705882352942 0.6226797385620915 0.11782475490196076 0.17237745098039214
10 0.8320159313725489 0.6417442810457517 0.1885018382352941 0.1288031045751635
10 0.7426623774509804 0.6022426470588235 0.09147058823529419 0.11515522875817001
10 0.46290441176470587 0.4060988562091503 0.23431985294117652 0.09869281045751628
10 0.2551072303921568 0.457859477124183 0.10457414215686278 0.10417075163398692
7 0.038636642156862744 0.2773978758169935 0.047316176470588237 0.19259803921568622
2 0.8727542892156863 0.7555228758169935 0.25449142156862736 0.42988970588235276
7 0.09548713235294118 0.7507475490196077 0.19097120098039216 0.3958333333333333
8 0.48385723039215683 0.5941013071895425 0.46815257352941175 0.34397875816993445
7 0.12236825980392158 0.43131127450980383 0.08818933823529412 0.17362336601307193
7 0.5644730392156863 0.31757761437908494 0.072984068627451 0.16674428104575156
7 0.816672794117647 0.4851062091503268 0.11169424019607854 0.12598039215686274