7 0.20865234375 0.038203125 0.038457031249999996 0.0421484375
7 0.279052734375 0.14643229166666666 0.027890624999999947 0.026223958333333353
7 0.570625 0.019557291666666667 0.017070312500000018 0.0109765625
7 0.563740234375 0.08520833333333333 0.018837890624999964 0.013098958333333336
7 0.53982421875 0.13545572916666668 0.02018554687500007 0.014270833333333344
7 0.81126953125 0.3480989583333333 0.036181640624999956 0.1119401041666667
7 0.877861328125 0.302265625 0.04339843750000005 0.15516927083333332
7 0.976611328125 0.251328125 0.04677734375000009 0.17996093749999997
4 0.0018319906098914762 0.9952225001123813 0.2710686698368356 0.7365908709168153 0.2702428031126066 0.6639212152307995 0.24216289342167505 0.6518096199504434 0 0.798757909895278 0.0018319906098914762 0.9952225001123813
0 0.24711815677664134 0.6551502316393291 0.24711815677664134 0.440444381110172 0.00018022565663741719 0.3875936766091355 0 0.7993885461703369 0.24711815677664134 0.6551502316393291
8 0.7353611272669012 0.5275491749031133 0.7145658427741757 0.5472467449513293 0.5989427371135336 0.5527520231700257 0.5972910036650755 0.6122091287366009 0.6270227098140572 0.6441396752019365 0.6286744432625152 0.7146072112000859 0.7946761122066407 0.9953764003535989 1 1 1 0.5934910903887665 0.7353611272669012 0.5275491749031133
10 0.23060057025369246 0.8313190926356723 0.23307823343597156 0.9205046669816562 0.6344555733417103 0.9260099452003526 0.6328038398932524 0.8313190926356723 0.5824251505905846 0.6859797812636407 0.3533285183312379 0.6789855243911239 0.23060057025369246 0.8313190926356723
10 0.24464049359436207 0.6485438725757299 0.2735462700095226 0.6628575875439524 0.2735462700095226 0.7399315246076407 0.2834568597290472 0.7410325634506041 0.3569601323580881 0.6760702636692115 0.3536566024515799 0.574773136044811 0.29419325316320866 0.559358382233625 0.2469789001680667 0.5936304910433362 0.24464049359436207 0.6485438725757299
10 0.54013671875 0.6709114583333333 0.16232421875000003 0.1222135416666666