3 0.9101307189542484 0.7652173913043478 0.17973856209150327 0.46956521739130436
3 0.7359150326797386 0.7162898550724638 0.15919934640522887 0.30023188405797113
3 0.9637745098039217 0.3596811594202899 0.0724346405228757 0.3522028985507246
3 0.9188398692810458 0.11223188405797101 0.16230392156862733 0.22446376811594201
3 0.7686274509803921 0.05228985507246377 0.16754901960784307 0.10457971014492753
3 0.7958169934640524 0.3490434782608695 0.26591503267973865 0.4468985507246377
3 0.7867647058823529 0.9318840579710145 0.1715686274509804 0.13623188405797101
3 0.5073529411764706 0.8115942028985508 0.34477124183006536 0.37681159420289856
3 0.2222222222222222 0.855072463768116 0.2222222222222222 0.2898550724637681
3 0.056372549019607844 0.8536231884057971 0.11274509803921569 0.2927536231884058
3 0.14297385620915032 0.4246376811594203 0.28594771241830064 0.5884057971014492
3 0.323186274509804 0.3494782608695652 0.07171568627450978 0.12510144927536224
3 0.32482026143790854 0.6442898550724638 0.1141830065359477 0.21997101449275358
3 0.4312908496732026 0.4659710144927536 0.18555555555555564 0.3329275362318841
3 0.6017320261437908 0.48289855072463767 0.1583986928104576 0.2681739130434782
3 0.19083333333333335 0.0793623188405797 0.0834803921568628 0.1587246376811594
3 0.549673202614379 0.17411594202898548 0.28996732026143796 0.3482028985507246
3 0.3237091503267974 0.14800000000000002 0.19462418300653597 0.29600000000000004
3 0.07352941176470588 0.07101449275362319 0.14705882352941177 0.14202898550724638