7 0.79134765625 0.038203125 0.038457031249999885 0.0421484375
7 0.720947265625 0.14643229166666666 0.027890624999999947 0.026223958333333353
7 0.42937499999999995 0.019557291666666667 0.017070312500000018 0.0109765625
7 0.436259765625 0.08520833333333333 0.018837890624999964 0.013098958333333336
7 0.46017578125 0.13545572916666668 0.02018554687500007 0.014270833333333344
7 0.18873046875 0.3480989583333333 0.036181640624999956 0.1119401041666667
7 0.12213867187500005 0.302265625 0.04339843750000005 0.1551692708333333
7 0.023388671875000044 0.251328125 0.04677734375000009 0.17996093749999997
4 0.7578371065783249 0.6518096199504434 0.7297571968873934 0.6639212152307995 0.7289313301631644 0.7365908709168153 0.9981680093901085 0.9952225001123813 1 0.798757909895278 0.7578371065783249 0.6518096199504434
0 0.9998197743433626 0.3875936766091355 0.7528818432233586 0.440444381110172 0.7528818432233586 0.6551502316393291 1 0.7993885461703369 0.9998197743433626 0.3875936766091355
8 0.2053238877933593 0.9953764003535989 0.3713255567374848 0.7146072112000859 0.37297729018594283 0.6441396752019365 0.4027089963349245 0.6122091287366009 0.40105726288646637 0.5527520231700257 0.2854341572258243 0.5472467449513293 0.26463887273309883 0.5275491749031133 0 0.5934910903887665 0 1 0.2053238877933593 0.9953764003535989
10 0.6466714816687621 0.6789855243911239 0.41757484940941536 0.6859797812636407 0.3671961601067476 0.8313190926356723 0.3655444266582897 0.9260099452003526 0.7669217665640284 0.9205046669816562 0.7693994297463076 0.8313190926356723 0.6466714816687621 0.6789855243911239
10 0.7530210998319333 0.5936304910433362 0.7058067468367913 0.559358382233625 0.6463433975484201 0.574773136044811 0.6430398676419119 0.6760702636692115 0.7165431402709528 0.7410325634506041 0.7264537299904774 0.7399315246076407 0.7264537299904774 0.6628575875439524 0.755359506405638 0.6485438725757299 0.7530210998319333 0.5936304910433362
10 0.45986328125 0.6709114583333333 0.16232421875000003 0.12221354166666654