7 0.0973828125 0.1372181551976574 0.03802734375 0.032122986822840406
7 0.30341796875 0.22121522693997073 0.03018554687499997 0.02806734992679358
7 0.424990234375 0.09494875549048315 0.029189453124999987 0.03177159590043923
7 0.52203125 0.17143484626647146 0.030390624999999893 0.03101024890190338
7 0.418037109375 0.2647584187408492 0.017714843749999987 0.020014641288433405
7 0.65703125 0.2409809663250366 0.02207031249999991 0.02367496339677894
7 0.5416796875 0.3231332357247438 0.018427734374999893 0.023294289897511016
7 0.646162109375 0.30538799414348466 0.012548828124999911 0.020732064421669142
7 0.7754296875 0.27995607613469986 0.01960937499999993 0.02475841874084923
7 0.802275390625 0.02247437774524158 0.04401367187499994 0.04494875549048316
7 0.83365234375 0.1403221083455344 0.03595703124999994 0.03468521229868228
0 0.9502425688678731 0.31868052081256903 0.9561010307576097 0.708032818129906 0.9736761184530693 0.7958566496303779 0.9053280916782263 0.7885379970053386 0.8877530039827664 0.8924629536199183 0.8955640878532486 0.9246649805005809 0.9883221241905359 0.9495483547562039 1 1 0.9999999776482582 0.08638360315325669 0.9502425688678731 0.31868052081256903
4 0.884823773037898 0.6890043883090697 0.865295765387943 0.9963877985607218 0.999062587992761 0.99346027050644 0.9609374776482582 0.6958272341927881 0.884823773037898 0.6890043883090697
5 0.13885386591092208 0.6084991535967488 0.19548504339972972 0.6802220274937779 0.28726669425320667 0.6538748333741257 0.2745734594833608 0.27330489687208054 0.13208005577325824 0.23828697064959636 0.13885386591092208 0.6084991535967488
5 0.4278683642315715 0.6524110693469849 0.48645238718143713 0.6319188754990076 0.4825467707527587 0.3450276590953329 0.4189452901482582 0.32064421808737087 0.4278683642315715 0.6524110693469849
1 0.09784500514995384 0.9817504933106428 0.3448743317192621 0.8339137326196037 0.339015944322963 0.77390069175526 0.40736397109780614 0.7182789988092271 0.40736397109780603 0.6626571941894177 0.33120471146560587 0.6333825836892603 0.19548504339972972 0.6758307912492438 0.11249101088742022 0.5850795992051548 0 0.5732064435632127 0.006063354296476947 0.9993152149412267 0.06952937915883137 1 0.10175062157863238 1 0.09784500514995384 0.9817504933106428
10 0.4747355378954017 0.9978515067509741 0.5909271983113226 0.8719707039350529 0.5977620456848693 0.7065691099396536 0.48352315623656883 0.6538748333741257 0.3469238057732582 0.7653733542513533 0.35268549008318173 0.9641856600062825 0.4054111256367482 1 0.4747355378954017 0.9978515067509741
2 0.583916015625 0.6312737920937043 0.10776367187499991 0.30281112737920945
2 0.690595703125 0.6320204978038068 0.08187499999999992 0.1725183016105418
2 0.753818359375 0.6133528550512445 0.05696289062499993 0.17180087847730605
10 0.7120703125 0.6115226939970718 0.14436523437499993 0.14617862371888732
7 0.6925 0.4543338213762811 0.08000976562500006 0.10402635431918002
2 0.627021484375 0.5609516837481698 0.05558593750000007 0.14628111273792088
10 0.667119140625 0.51502196193265 0.20094726562499998 0.06380673499267941