3 0.08986928104575163 0.7652173913043478 0.17973856209150327 0.46956521739130436
3 0.26408496732026143 0.7162898550724638 0.15919934640522876 0.3002318840579711
3 0.03622549019607844 0.3596811594202899 0.07243464052287582 0.3522028985507246
3 0.08116013071895425 0.11223188405797101 0.16230392156862747 0.22446376811594201
3 0.23137254901960783 0.05228985507246377 0.16754901960784316 0.10457971014492753
3 0.20418300653594768 0.3490434782608695 0.2659150326797386 0.4468985507246377
3 0.21323529411764705 0.9318840579710145 0.1715686274509804 0.13623188405797101
3 0.49264705882352944 0.8115942028985508 0.34477124183006536 0.37681159420289856
3 0.7777777777777778 0.855072463768116 0.2222222222222222 0.2898550724637681
3 0.9436274509803921 0.8536231884057971 0.11274509803921569 0.2927536231884058
3 0.8570261437908496 0.4246376811594203 0.28594771241830064 0.5884057971014492
3 0.676813725490196 0.3494782608695652 0.07171568627450978 0.12510144927536226
3 0.6751797385620915 0.6442898550724638 0.1141830065359477 0.21997101449275366
3 0.5687091503267974 0.4659710144927536 0.18555555555555564 0.3329275362318841
3 0.39826797385620916 0.48289855072463767 0.15839869281045757 0.2681739130434782
3 0.8091666666666666 0.0793623188405797 0.0834803921568628 0.1587246376811594
3 0.4503267973856209 0.17411594202898548 0.28996732026143796 0.3482028985507246
3 0.6762908496732026 0.14800000000000002 0.19462418300653597 0.29600000000000004
3 0.9264705882352942 0.07101449275362319 0.14705882352941177 0.14202898550724638