3 0.4940849673202614 0.4439927404718693 0.5642483660130718 0.4104174228675136
2 0.443218954248366 0.7490018148820327 0.15295751633986931 0.19125226860254083
2 0.6351797385620915 0.7222686025408349 0.16831699346405227 0.19629764065335747
2 0.7776633986928105 0.6269509981851179 0.14830065359477132 0.1932123411978222
2 0.8466666666666666 0.4842468239564428 0.13852941176470585 0.18001814882032663
2 0.8081045751633988 0.3581669691470054 0.09767973856209156 0.1617785843920145
2 0.7014542483660131 0.2557894736842105 0.09129084967320263 0.10424682395644283
2 0.5489705882352942 0.20283121597096188 0.0912254901960785 0.10117967332123409
2 0.3915032679738562 0.22250453720508165 0.08119281045751633 0.09814882032667874
2 0.24671568627450982 0.2845372050816697 0.088578431372549 0.127459165154265
2 0.17320261437908496 0.4086025408348457 0.12673202614379087 0.18602540834845735
2 0.1627614379084967 0.5498003629764066 0.16575163398692808 0.18611615245009072
2 0.27212418300653596 0.6809074410163339 0.1720751633986928 0.17408348457350264