3 0.5059150326797386 0.4439927404718693 0.5642483660130718 0.4104174228675136
2 0.556781045751634 0.7490018148820327 0.15295751633986931 0.19125226860254083
2 0.36482026143790847 0.7222686025408349 0.16831699346405227 0.19629764065335747
2 0.22233660130718944 0.6269509981851179 0.14830065359477132 0.1932123411978222
2 0.15333333333333338 0.4842468239564428 0.13852941176470585 0.18001814882032657
2 0.1918954248366012 0.3581669691470054 0.09767973856209156 0.1617785843920145
2 0.2985457516339869 0.2557894736842105 0.09129084967320263 0.10424682395644283
2 0.45102941176470585 0.20283121597096188 0.0912254901960785 0.10117967332123412
2 0.6084967320261437 0.22250453720508165 0.08119281045751643 0.09814882032667874
2 0.7532843137254902 0.2845372050816697 0.08857843137254907 0.127459165154265
2 0.826797385620915 0.4086025408348457 0.12673202614379075 0.18602540834845735
2 0.8372385620915033 0.5498003629764066 0.1657516339869281 0.18611615245009067
2 0.7278758169934642 0.6809074410163339 0.17207516339869272 0.17408348457350264