7 0.047333984375 0.1662555066079295 0.030712890624999996 0.05643171806167402
7 0.2156640625 0.22994126284875185 0.018232421875000016 0.04063142437591779
7 0.336376953125 0.271409691629956 0.022851562499999978 0.04281938325991193
7 0.424140625 0.3064610866372981 0.015273437499999987 0.028502202643171843
7 0.48638671875 0.3323494860499266 0.017705078124999996 0.03252569750367104
7 0.525078125 0.34794419970631424 0.014521484374999893 0.030690161527165898
7 0.605517578125 0.23048458149779738 0.03134765624999991 0.03071953010279004
7 0.5621875 0.18497797356828194 0.030136718749999902 0.027797356828193842
7 0.654833984375 0.27123348017621146 0.02255859374999991 0.031439060205580065
7 0.76626953125 0.13211453744493393 0.03791992187499993 0.03955947136563876
7 0.80435546875 0.19928046989721 0.026191406249999938 0.03440528634361235
7 0.99328125 0.13248164464023496 0.013427734375 0.03295154185022026
8 0.10565623800731078 0.8682918890346907 0.3585439519729181 0.7743379918778894 0.6504876812384357 0.9651817999769324 0.7549624923683212 0.8403993100660195 0.7686320381285399 0.6583638233276644 0.6846616946258574 0.574686030420778 0.4278683642315717 0.561473800383676 0.168145877385855 0.6011105464958557 0.16619303192479706 0.6774480809356476 0.09589223418233328 0.708276673689759 0.09393938872127539 0.7024046461188779 0.10565623800731078 0.8682918890346907