3 0.12826797385620914 0.12959183673469388 0.18790849673202614 0.25918367346938775
3 0.3289869281045752 0.16781632653061226 0.16991830065359478 0.22289795918367347
3 0.4939052287581699 0.20038775510204082 0.13885620915032681 0.22389795918367342
3 0.6522222222222223 0.2149591836734694 0.15369281045751643 0.194734693877551
3 0.7856372549019608 0.22857142857142856 0.1187418300653594 0.18695918367346942
3 0.9143954248366013 0.24461224489795919 0.13356209150326798 0.18989795918367344
3 0.7930065359477125 0.4929795918367347 0.12787581699346412 0.1793469387755102
3 0.9163235294117646 0.4954081632653061 0.10633986928104563 0.16671428571428576
3 0.6611601307189542 0.48908163265306126 0.13114379084967318 0.18324489795918372
3 0.49777777777777776 0.48228571428571426 0.14898692810457526 0.20461224489795918
3 0.3126143790849673 0.47451020408163264 0.18016339869281045 0.21238775510204075
3 0.12513071895424838 0.4686938775510204 0.1786764705882353 0.24738775510204075
3 0.12166666666666663 0.8031020408163265 0.22508169934640523 0.2514693877551021
3 0.3320915032679739 0.7797551020408163 0.17303921568627448 0.23979591836734693
3 0.5020751633986927 0.7719795918367347 0.1365359477124182 0.24757142857142847
3 0.6568790849673203 0.7676122448979592 0.12568627450980385 0.19797959183673466
3 0.7988562091503267 0.7457346938775511 0.13584967320261446 0.20671428571428563
3 0.926437908496732 0.7408775510204081 0.1141176470588234 0.17367346938775516