7 0.9026171875 0.1372181551976574 0.03802734375000005 0.032122986822840406
7 0.69658203125 0.22121522693997073 0.030185546874999858 0.02806734992679358
7 0.575009765625 0.09494875549048315 0.029189453124999876 0.03177159590043922
7 0.47796875000000005 0.17143484626647146 0.030390624999999893 0.03101024890190338
7 0.5819628906250001 0.2647584187408492 0.017714843749999876 0.020014641288433405
7 0.34296875000000004 0.2409809663250366 0.02207031249999991 0.02367496339677894
7 0.45832031250000005 0.3231332357247438 0.018427734374999893 0.023294289897511016
7 0.35383789062500004 0.30538799414348466 0.012548828124999911 0.020732064421669142
7 0.22457031250000004 0.27995607613469986 0.01960937499999993 0.02475841874084923
7 0.19772460937500003 0.02247437774524158 0.04401367187499994 0.04494875549048316
7 0.16634765625000003 0.1403221083455344 0.03595703124999994 0.03468521229868228
0 0.011677875809464111 0.9495483547562039 0.10443591214675141 0.9246649805005809 0.11224699601723365 0.8924629536199183 0.09467190832177375 0.7885379970053386 0.02632388154693066 0.7958566496303779 0.04389896924239034 0.708032818129906 0.04975743113212694 0.31868052081256903 2.2351741790771484e-8 0.08638360315325669 0 1 0.011677875809464111 0.9495483547562039
4 0.03906252235174179 0.6958272341927881 0.000937412007238958 0.99346027050644 0.13470423461205705 0.9963877985607218 0.11517622696210195 0.6890043883090697 0.03906252235174179 0.6958272341927881
5 0.8679199442267418 0.23828697064959636 0.7254265405166391 0.27330489687208054 0.7127333057467933 0.6538748333741257 0.8045149566002703 0.6802220274937779 0.8611461340890779 0.6084991535967488 0.8679199442267418 0.23828697064959636
5 0.5810547098517418 0.32064421808737087 0.5174532292472414 0.3450276590953329 0.5135476128185629 0.6319188754990076 0.5721316357684285 0.6524110693469849 0.5810547098517418 0.32064421808737087
1 0.8875089891125798 0.5850795992051548 0.8045149566002703 0.6758307912492438 0.6687952885343942 0.6333825836892603 0.5926360289021939 0.6626571941894177 0.5926360289021939 0.7182789988092271 0.660984055677037 0.77390069175526 0.6551256682807379 0.8339137326196037 0.9021549948500461 0.9817504933106428 0.8982493784213677 1 0.9304706208411686 1 0.993936645703523 0.9993152149412267 1 0.5732064435632127 0.8875089891125798 0.5850795992051548
10 0.6473145099168183 0.9641856600062825 0.6530761942267418 0.7653733542513533 0.5164768437634312 0.6538748333741257 0.40223795431513065 0.7065691099396536 0.40907280168867743 0.8719707039350529 0.5252644621045983 0.9978515067509741 0.5945888743632518 1 0.6473145099168183 0.9641856600062825
2 0.41608398437500005 0.6312737920937043 0.10776367187499991 0.30281112737920945
2 0.30940429687500004 0.6320204978038068 0.08187499999999992 0.1725183016105418
2 0.24618164062500003 0.6133528550512445 0.05696289062499993 0.17180087847730605
10 0.28792968750000003 0.6115226939970718 0.14436523437499993 0.14617862371888732
7 0.3075 0.4543338213762811 0.08000976562500006 0.10402635431918002
2 0.37297851562499995 0.5609516837481698 0.05558593750000007 0.14628111273792088
10 0.332880859375 0.51502196193265 0.20094726562499998 0.06380673499267941