0 0.03144982383616854 0.6559325142507441 0.22965905678715143 0.5899680601655289 0.22965905678715143 0.38181354942398676 0.029540993273258237 0.3174486817502556 0.03144982383616854 0.6559325142507441
10 0.59611328125 0.7419794721407624 0.23958984374999998 0.11227272727272718
10 0.6200390625 0.8623900293255131 0.28743164062499993 0.14412023460410553
7 0.2353125 0.13375366568914956 0.025800781250000016 0.021173020527859233
7 0.295732421875 0.21640762463343108 0.02212890624999997 0.014193548387096784
7 0.559384765625 0.05239002932551319 0.022080078124999902 0.01973607038123167
7 0.540458984375 0.19184750733137831 0.020869140624999893 0.016392961876832854
7 0.66056640625 0.19275659824046923 0.01694335937499991 0.029222873900293263
7 0.73392578125 0.05183284457478006 0.03425781249999993 0.029633431085043984
7 0.756015625 0.3005131964809384 0.01741210937499993 0.02479472140762467
7 0.8175390625 0.2550733137829912 0.013496093749999938 0.021876832844574805
7 0.93166015625 0.16545454545454547 0.019580078124999956 0.022258064516129043
8 0.499326171875 0.6395454545454545 0.10705078125 0.13832844574780062
8 0.625048828125 0.6567741935483872 0.11922851562499992 0.1507771260997068
8 0.799876969557968 0.5987634101802412 0.7940185076682315 0.6617959877292847 0.6984863057732582 0.6656891509584667 0.6944256984508348 0.7057722904527614 0.9785581203655582 1 1 1 1 0.6691253715165308 0.799876969557968 0.5987634101802412