7 0.5234933774834437 0.18346354166666667 0.18483443708609268 0.3360416666666666
2 0.44471854304635766 0.6846354166666666 0.08248344370860931 0.17523437499999997
2 0.6062748344370861 0.6899479166666667 0.08548013245033112 0.1800520833333333
2 0.6821192052980133 0.8776041666666666 0.20860927152317882 0.24479166666666666
2 0.366274834437086 0.8838802083333334 0.18480132450331122 0.22841145833333343
8 0.8226655629139072 0.815390625 0.3416887417218542 0.2920572916666666
8 0.22097682119205297 0.8322656249999999 0.35763245033112584 0.27372395833333335
2 0.5265728476821192 0.6132291666666666 0.043824503311258325 0.10184895833333336
10 0.5333112582781457 0.6161197916666666 0.07938741721854312 0.10765624999999994
10 0.9188079470198676 0.9706770833333334 0.16236754966887407 0.04708333333333344
10 0.09965231788079469 0.9677864583333333 0.1992880794701987 0.06442708333333336