7 0.4765066225165563 0.18346354166666667 0.18483443708609268 0.3360416666666666
2 0.5552814569536424 0.6846354166666666 0.08248344370860936 0.17523437499999991
2 0.3937251655629139 0.6899479166666667 0.08548013245033112 0.1800520833333333
2 0.31788079470198677 0.8776041666666666 0.20860927152317882 0.24479166666666666
2 0.6337251655629139 0.8838802083333334 0.18480132450331127 0.22841145833333343
8 0.17733443708609273 0.815390625 0.3416887417218542 0.2920572916666666
8 0.779023178807947 0.8322656249999999 0.35763245033112584 0.27372395833333335
2 0.4734271523178808 0.6132291666666666 0.043824503311258325 0.10184895833333336
10 0.4666887417218543 0.6161197916666666 0.07938741721854312 0.10765624999999994
10 0.08119205298013239 0.9706770833333334 0.16236754966887407 0.04708333333333344
10 0.9003476821192052 0.9677864583333333 0.19928807947019858 0.06442708333333336