10 0.21415957446808506 0.6637765957446808 0.23314893617021284 0.1683687943262412
10 0.2142765957446808 0.690177304964539 0.1312659574468086 0.1029609929078015
5 0.4993510638297872 0.5256737588652483 0.11902127659574456 0.40044326241134753
7 0.9353617021276596 0.04822695035460993 0.024776595744680812 0.028687943262411347
7 0.8071276595744681 0.1772517730496454 0.02357446808510647 0.02274822695035463
7 0.4920212765957447 0.17625886524822695 0.024936170212766017 0.024716312056737584
7 0.180936170212766 0.1772517730496454 0.024287234042553115 0.02274822695035463
7 0.05340425531914898 0.04921985815602837 0.025095744680850976 0.02671985815602837
2 0.8800531914893617 0.6935106382978723 0.0975744680851064 0.2790602836879432
2 0.9248510638297872 0.7236524822695035 0.08126595744680862 0.31962765957446804
10 0.9395106382978723 0.6279432624113476 0.07087234042553205 0.041524822695035386