10 0.7858404255319149 0.6637765957446808 0.23314893617021284 0.1683687943262412
10 0.7857234042553192 0.690177304964539 0.1312659574468086 0.1029609929078015
5 0.5006489361702128 0.5256737588652483 0.11902127659574462 0.40044326241134753
7 0.06463829787234042 0.04822695035460993 0.024776595744680857 0.028687943262411347
7 0.19287234042553192 0.1772517730496454 0.02357446808510641 0.02274822695035463
7 0.5079787234042553 0.17625886524822695 0.024936170212766017 0.024716312056737584
7 0.819063829787234 0.1772517730496454 0.024287234042553115 0.02274822695035463
7 0.9465957446808511 0.04921985815602837 0.025095744680850976 0.02671985815602837
2 0.1199468085106383 0.6935106382978723 0.09757446808510639 0.2790602836879432
2 0.07514893617021276 0.7236524822695035 0.08126595744680852 0.31962765957446804
10 0.06048936170212766 0.6279432624113476 0.07087234042553192 0.041524822695035386